,Date ,series ,OPEN ,HIGH ,LOW ,PREV. CLOSE ,ltp ,close ,vwap ,52W H ,52W L ,VOLUME ,VALUE ,No of trades 
0,20-Jun-2023,EQ,"4,585.00","4,670.00","4,569.05","4,597.35","4,666.00","4,662.00","4,640.84","4,829.90","3,461.25","453,523","2,104,728,186.65","29,054"
1,19-Jun-2023,EQ,"4,645.00","4,655.00","4,586.65","4,641.95","4,599.00","4,597.35","4,610.19","4,829.90","3,461.25","193,043","889,964,144.50","19,526"
2,16-Jun-2023,EQ,"4,695.00","4,714.75","4,620.00","4,721.55","4,638.00","4,641.95","4,647.28","4,829.90","3,461.25","658,995","3,062,536,799.55","49,250"
3,15-Jun-2023,EQ,"4,741.90","4,764.65","4,702.50","4,730.20","4,713.50","4,721.55","4,731.56","4,829.90","3,461.25","178,304","843,655,327.85","17,412"
4,14-Jun-2023,EQ,"4,751.10","4,768.45","4,712.00","4,755.95","4,738.70","4,730.20","4,729.69","4,829.90","3,461.25","191,238","904,496,445.05","17,150"
5,13-Jun-2023,EQ,"4,770.00","4,795.00","4,746.45","4,769.65","4,750.55","4,755.95","4,763.55","4,829.90","3,461.25","247,078","1,176,968,451.70","38,389"
6,12-Jun-2023,EQ,"4,749.95","4,790.00","4,733.35","4,743.40","4,790.00","4,769.65","4,762.11","4,829.90","3,461.25","137,778","656,113,793.95","16,055"
7,09-Jun-2023,EQ,"4,800.65","4,821.80","4,735.00","4,800.65","4,740.00","4,743.40","4,774.43","4,829.90","3,461.25","208,197","994,022,366.70","27,262"
8,08-Jun-2023,EQ,"4,800.85","4,829.90","4,776.80","4,780.75","4,810.60","4,800.65","4,802.65","4,829.90","3,461.25","295,499","1,419,179,736.00","23,993"
9,07-Jun-2023,EQ,"4,736.95","4,787.90","4,736.95","4,726.25","4,783.45","4,780.75","4,765.26","4,787.90","3,461.25","239,491","1,141,235,728.10","31,941"
10,06-Jun-2023,EQ,"4,717.50","4,744.95","4,710.05","4,710.05","4,735.00","4,726.25","4,725.23","4,744.95","3,461.25","353,149","1,668,710,177.80","30,343"
11,05-Jun-2023,EQ,"4,688.00","4,716.95","4,669.00","4,669.10","4,711.20","4,710.05","4,700.21","4,716.95","3,461.25","234,925","1,104,195,685.15","31,505"
12,02-Jun-2023,EQ,"4,674.20","4,707.00","4,647.25","4,643.60","4,677.00","4,669.10","4,676.25","4,707.00","3,461.25","606,833","2,837,702,067.40","64,239"
13,01-Jun-2023,EQ,"4,587.00","4,669.80","4,567.25","4,567.15","4,641.50","4,643.60","4,644.52","4,669.80","3,461.25","698,733","3,245,282,336.00","50,696"
14,31-May-2023,EQ,"4,589.80","4,628.95","4,552.65","4,591.90","4,570.00","4,567.15","4,581.91","4,664.55","3,461.25","719,613","3,297,201,774.20","41,557"
15,30-May-2023,EQ,"4,615.10","4,635.35","4,586.70","4,618.50","4,598.90","4,591.90","4,606.34","4,664.55","3,461.25","229,574","1,057,494,766.95","24,485"
16,29-May-2023,EQ,"4,659.95","4,663.15","4,608.10","4,615.95","4,609.00","4,618.50","4,631.74","4,664.55","3,461.25","301,343","1,395,741,529.50","20,766"
17,26-May-2023,EQ,"4,612.35","4,664.55","4,605.30","4,644.00","4,615.00","4,615.95","4,634.39","4,664.55","3,461.25","484,972","2,247,550,072.40","18,747"
18,25-May-2023,EQ,"4,505.65","4,651.40","4,504.60","4,517.60","4,651.00","4,644.00","4,611.31","4,651.40","3,461.25","1,016,606","4,687,884,954.05","66,458"
19,24-May-2023,EQ,"4,505.55","4,552.20","4,492.05","4,498.10","4,511.90","4,517.60","4,526.72","4,628.85","3,461.25","395,343","1,789,608,961.65","25,523"
20,23-May-2023,EQ,"4,534.95","4,553.40","4,491.10","4,523.25","4,492.60","4,498.10","4,513.31","4,628.85","3,461.25","239,196","1,079,566,188.90","22,064"
21,22-May-2023,EQ,"4,494.95","4,566.65","4,494.95","4,483.20","4,520.00","4,523.25","4,537.01","4,628.85","3,461.25","368,479","1,671,792,699.65","31,099"
22,19-May-2023,EQ,"4,534.00","4,550.15","4,464.05","4,518.65","4,488.05","4,483.20","4,487.04","4,628.85","3,461.25","398,571","1,788,405,316.35","33,354"
23,18-May-2023,EQ,"4,539.95","4,572.45","4,513.25","4,529.35","4,515.05","4,518.65","4,533.17","4,628.85","3,461.25","194,233","880,490,405.85","14,533"
24,17-May-2023,EQ,"4,550.00","4,600.00","4,509.00","4,538.35","4,528.05","4,529.35","4,546.50","4,628.85","3,461.25","346,510","1,575,408,004.80","29,632"
25,16-May-2023,EQ,"4,583.50","4,595.00","4,530.00","4,564.55","4,536.00","4,538.35","4,571.03","4,628.85","3,461.25","321,308","1,468,707,955.95","21,342"
26,15-May-2023,EQ,"4,569.00","4,608.50","4,542.05","4,538.90","4,562.00","4,564.55","4,580.16","4,628.85","3,461.25","534,604","2,448,573,168.95","37,902"
27,12-May-2023,EQ,"4,545.00","4,628.85","4,517.00","4,547.90","4,523.50","4,538.90","4,578.98","4,628.85","3,461.25","620,213","2,839,945,532.25","48,458"
28,11-May-2023,EQ,"4,594.00","4,594.00","4,535.10","4,555.95","4,540.40","4,547.90","4,553.43","4,594.00","3,461.25","293,197","1,335,050,593.75","15,890"
29,10-May-2023,EQ,"4,555.00","4,576.50","4,529.35","4,528.85","4,551.10","4,555.95","4,554.25","4,577.00","3,461.25","229,527","1,045,323,816.05","30,773"
30,09-May-2023,EQ,"4,572.85","4,577.00","4,519.65","4,549.25","4,520.15","4,528.85","4,545.41","4,577.00","3,461.25","329,083","1,495,816,300.30","31,651"
31,08-May-2023,EQ,"4,475.00","4,558.00","4,465.20","4,463.10","4,542.00","4,549.25","4,535.41","4,558.00","3,461.25","365,732","1,658,746,345.60","34,321"
32,05-May-2023,EQ,"4,463.10","4,504.30","4,427.40","4,457.70","4,445.80","4,463.10","4,467.66","4,506.50","3,460.00","180,033","804,325,714.40","19,221"
33,04-May-2023,EQ,"4,446.80","4,470.00","4,437.25","4,447.85","4,446.60","4,457.70","4,457.32","4,506.50","3,460.00","191,019","851,432,871.20","18,938"
34,03-May-2023,EQ,"4,484.50","4,489.95","4,435.00","4,498.00","4,446.10","4,447.85","4,451.83","4,506.50","3,460.00","351,550","1,565,040,695.20","25,742"
35,02-May-2023,EQ,"4,439.95","4,506.50","4,424.05","4,431.95","4,485.00","4,498.00","4,483.11","4,506.50","3,460.00","522,701","2,343,324,355.10","47,230"
36,28-Apr-2023,EQ,"4,397.35","4,439.70","4,390.05","4,408.20","4,410.00","4,431.95","4,422.28","4,439.70","3,460.00","457,064","2,021,265,601.85","36,853"
37,27-Apr-2023,EQ,"4,300.00","4,422.55","4,294.00","4,299.00","4,412.00","4,408.20","4,366.33","4,422.55","3,460.00","667,011","2,912,391,384.35","50,051"
38,26-Apr-2023,EQ,"4,345.00","4,362.65","4,281.00","4,342.55","4,300.00","4,299.00","4,318.72","4,375.00","3,460.00","964,051","4,163,462,822.45","62,654"
39,25-Apr-2023,EQ,"4,340.00","4,375.00","4,316.10","4,332.10","4,342.00","4,342.55","4,346.66","4,375.00","3,460.00","367,525","1,597,507,787.65","34,115"
40,24-Apr-2023,EQ,"4,308.30","4,354.95","4,282.70","4,308.30","4,340.00","4,332.10","4,327.99","4,354.95","3,460.00","279,716","1,210,608,488.65","24,773"
41,21-Apr-2023,EQ,"4,323.00","4,337.00","4,283.05","4,314.35","4,301.10","4,308.30","4,308.37","4,337.00","3,460.00","237,639","1,023,835,851.05","25,908"
42,20-Apr-2023,EQ,"4,265.00","4,330.50","4,252.05","4,265.80","4,322.95","4,314.35","4,297.83","4,330.50","3,460.00","409,146","1,758,441,484.20","26,574"
43,19-Apr-2023,EQ,"4,184.10","4,296.90","4,180.05","4,209.25","4,265.00","4,265.80","4,265.51","4,311.00","3,460.00","406,755","1,735,016,902.45","52,782"
44,18-Apr-2023,EQ,"4,254.25","4,266.10","4,175.05","4,254.35","4,207.35","4,209.25","4,209.51","4,311.00","3,460.00","235,015","989,299,003.20","33,470"
45,17-Apr-2023,EQ,"4,311.00","4,311.00","4,221.05","4,288.35","4,255.00","4,254.35","4,259.09","4,311.00","3,460.00","718,984","3,062,216,823.75","84,208"
46,13-Apr-2023,EQ,"4,270.00","4,305.95","4,260.05","4,286.00","4,290.00","4,288.35","4,283.80","4,307.35","3,460.00","371,608","1,591,893,136.50","47,098"
47,12-Apr-2023,EQ,"4,177.40","4,307.35","4,170.50","4,177.40","4,284.00","4,286.00","4,259.78","4,307.35","3,460.00","992,142","4,226,305,023.85","74,037"
48,11-Apr-2023,EQ,"4,080.00","4,183.55","4,070.55","4,061.60","4,171.00","4,177.40","4,139.96","4,183.55","3,460.00","685,931","2,839,727,843.10","52,383"
49,10-Apr-2023,EQ,"4,035.05","4,072.00","4,030.10","4,033.60","4,060.75","4,061.60","4,059.94","4,131.75","3,460.00","218,632","887,632,282.65","31,335"
50,06-Apr-2023,EQ,"4,028.00","4,065.00","4,020.05","4,023.15","4,033.30","4,033.60","4,040.67","4,131.75","3,460.00","321,813","1,300,339,022.60","24,819"
51,05-Apr-2023,EQ,"3,994.00","4,026.95","3,960.05","3,993.75","4,020.05","4,023.15","4,003.32","4,131.75","3,460.00","584,697","2,340,727,176.25","46,795"
52,03-Apr-2023,EQ,"3,904.80","3,995.00","3,888.20","3,884.75","3,989.90","3,993.75","3,964.85","4,131.75","3,460.00","497,915","1,974,155,980.05","35,571"
53,31-Mar-2023,EQ,"3,875.65","3,907.85","3,860.00","3,879.30","3,876.00","3,884.75","3,885.97","4,131.75","3,460.00","248,433","965,403,358.35","27,773"
54,29-Mar-2023,EQ,"3,810.50","3,894.00","3,800.15","3,791.60","3,865.00","3,879.30","3,856.95","4,131.75","3,460.00","429,300","1,655,787,115.10","33,657"
55,28-Mar-2023,EQ,"3,821.00","3,833.80","3,769.55","3,807.55","3,800.00","3,791.60","3,793.57","4,131.75","3,460.00","144,400","547,791,101.15","16,915"
56,27-Mar-2023,EQ,"3,834.95","3,844.30","3,800.00","3,827.90","3,800.00","3,807.55","3,820.02","4,131.75","3,460.00","198,811","759,462,780.70","15,729"
57,24-Mar-2023,EQ,"3,845.10","3,882.90","3,812.00","3,862.95","3,820.00","3,827.90","3,855.91","4,131.75","3,460.00","281,359","1,084,894,822.95","25,658"
58,23-Mar-2023,EQ,"3,902.50","3,912.40","3,853.05","3,923.95","3,863.20","3,862.95","3,879.11","4,131.75","3,460.00","256,313","994,266,586.45","30,178"
59,22-Mar-2023,EQ,"3,921.75","3,945.50","3,888.60","3,905.70","3,924.90","3,923.95","3,918.70","4,131.75","3,460.00","311,063","1,218,963,798.20","39,014"
60,21-Mar-2023,EQ,"3,806.50","3,922.00","3,796.75","3,805.00","3,910.00","3,905.70","3,884.18","4,131.75","3,460.00","803,886","3,122,439,261.95","65,451"
61,20-Mar-2023,EQ,"3,790.00","3,834.95","3,785.10","3,814.40","3,802.20","3,805.00","3,805.25","4,131.75","3,460.00","331,370","1,260,946,426.65","34,177"
62,17-Mar-2023,EQ,"3,817.80","3,827.95","3,792.05","3,800.20","3,815.00","3,814.40","3,811.45","4,131.75","3,368.00","396,793","1,512,355,203.50","29,658"
63,16-Mar-2023,EQ,"3,740.95","3,811.00","3,740.95","3,730.00","3,808.30","3,800.20","3,784.29","4,131.75","3,368.00","377,544","1,428,736,001.85","42,576"
64,15-Mar-2023,EQ,"3,774.90","3,787.50","3,720.55","3,752.90","3,739.00","3,730.00","3,752.75","4,131.75","3,368.00","317,890","1,192,962,327.40","22,927"
65,14-Mar-2023,EQ,"3,778.45","3,794.45","3,735.90","3,778.45","3,752.20","3,752.90","3,762.72","4,131.75","3,368.00","278,919","1,049,494,299.05","39,617"
66,13-Mar-2023,EQ,"3,822.95","3,838.00","3,768.30","3,821.90","3,773.70","3,778.45","3,797.18","4,131.75","3,368.00","247,745","940,732,545.00","30,012"
67,10-Mar-2023,EQ,"3,830.00","3,845.40","3,798.00","3,813.50","3,821.00","3,821.90","3,821.11","4,131.75","3,125.00","530,973","2,028,907,952.40","46,345"
68,09-Mar-2023,EQ,"3,811.20","3,838.75","3,801.00","3,811.20","3,806.00","3,813.50","3,822.19","4,131.75","3,125.00","295,897","1,130,975,551.55","25,107"
69,08-Mar-2023,EQ,"3,723.80","3,817.80","3,711.05","3,723.05","3,805.00","3,811.20","3,785.70","4,131.75","3,125.00","478,922","1,813,052,994.25","54,555"
70,06-Mar-2023,EQ,"3,721.70","3,774.00","3,718.15","3,732.00","3,732.00","3,723.05","3,745.93","4,131.75","3,125.00","186,747","699,540,291.40","25,301"
71,03-Mar-2023,EQ,"3,720.05","3,748.00","3,697.45","3,715.25","3,734.40","3,732.00","3,723.01","4,131.75","3,125.00","281,411","1,047,696,191.00","33,081"
72,02-Mar-2023,EQ,"3,731.05","3,757.35","3,680.00","3,731.65","3,700.00","3,715.25","3,722.74","4,131.75","3,125.00","276,614","1,029,761,958.55","26,917"
73,01-Mar-2023,EQ,"3,670.00","3,748.35","3,636.90","3,661.20","3,707.10","3,731.65","3,713.07","4,131.75","3,125.00","432,887","1,607,337,914.30","40,994"
74,28-Feb-2023,EQ,"3,647.00","3,743.00","3,625.60","3,639.85","3,648.75","3,661.20","3,677.58","4,131.75","3,125.00","723,245","2,659,789,574.60","58,763"
75,27-Feb-2023,EQ,"3,799.95","3,799.95","3,626.05","3,849.95","3,644.95","3,639.85","3,678.01","4,131.75","3,125.00","822,866","3,026,511,419.40","60,081"
76,24-Feb-2023,EQ,"3,833.55","3,874.90","3,833.55","3,831.90","3,834.20","3,849.95","3,855.00","4,131.75","3,125.00","263,732","1,016,686,830.35","21,291"
77,23-Feb-2023,EQ,"3,847.50","3,872.75","3,815.20","3,840.70","3,833.55","3,831.90","3,836.23","4,131.75","3,125.00","299,446","1,148,743,825.80","26,808"
78,22-Feb-2023,EQ,"3,837.10","3,890.25","3,814.95","3,837.10","3,847.00","3,840.70","3,857.73","4,131.75","3,125.00","477,992","1,843,965,829.00","42,076"
79,21-Feb-2023,EQ,"3,927.00","3,927.00","3,824.70","3,903.80","3,837.00","3,837.10","3,856.42","4,131.75","3,125.00","177,954","686,265,951.75","25,427"
80,20-Feb-2023,EQ,"3,894.95","3,934.95","3,893.35","3,894.30","3,899.50","3,903.80","3,916.48","4,131.75","3,125.00","169,828","665,127,814.50","17,077"
81,17-Feb-2023,EQ,"3,890.00","3,920.00","3,872.00","3,906.60","3,890.00","3,894.30","3,901.24","4,131.75","3,125.00","167,844","654,798,961.30","19,524"
82,16-Feb-2023,EQ,"3,910.00","3,930.95","3,892.00","3,905.40","3,907.00","3,906.60","3,908.11","4,131.75","3,125.00","166,844","652,044,737.30","19,930"
83,15-Feb-2023,EQ,"3,866.60","3,911.90","3,850.00","3,876.10","3,900.00","3,905.40","3,883.50","4,131.75","3,125.00","214,072","831,347,933.15","25,420"
84,14-Feb-2023,EQ,"3,894.95","3,906.95","3,862.55","3,883.50","3,876.00","3,876.10","3,882.63","4,131.75","3,125.00","251,160","975,160,362.95","33,753"
85,13-Feb-2023,EQ,"3,850.85","3,912.60","3,824.00","3,831.65","3,881.30","3,883.50","3,884.22","4,131.75","3,125.00","372,862","1,448,277,804.30","34,955"
86,10-Feb-2023,EQ,"3,845.00","3,848.95","3,800.10","3,845.75","3,827.90","3,831.65","3,827.74","4,131.75","3,125.00","170,034","650,845,198.50","21,346"
87,09-Feb-2023,EQ,"3,879.90","3,890.50","3,832.25","3,880.30","3,840.00","3,845.75","3,853.54","4,131.75","3,125.00","249,061","959,765,834.15","28,645"
88,08-Feb-2023,EQ,"3,898.85","3,898.85","3,835.50","3,879.45","3,880.00","3,880.30","3,874.32","4,131.75","3,125.00","309,039","1,197,315,672.55","29,261"
89,07-Feb-2023,EQ,"3,873.00","3,895.00","3,818.20","3,849.10","3,880.00","3,879.45","3,867.08","4,131.75","3,125.00","246,673","953,905,313.00","25,867"
90,06-Feb-2023,EQ,"3,846.55","3,869.70","3,804.10","3,852.55","3,844.15","3,849.10","3,842.93","4,131.75","3,125.00","205,412","789,383,611.65","26,462"
91,03-Feb-2023,EQ,"3,785.00","3,858.00","3,769.20","3,790.70","3,852.85","3,852.55","3,815.71","4,131.75","3,125.00","242,350","924,738,364.75","31,556"
92,02-Feb-2023,EQ,"3,799.00","3,859.10","3,740.00","3,811.30","3,799.55","3,790.70","3,774.90","4,131.75","3,125.00","309,024","1,166,534,839.45","39,768"
93,01-Feb-2023,EQ,"3,829.45","3,886.40","3,760.10","3,818.25","3,795.05","3,811.30","3,826.66","4,131.75","3,125.00","328,212","1,255,957,226.90","34,647"
94,31-Jan-2023,EQ,"3,878.00","3,878.00","3,801.00","3,841.15","3,828.00","3,818.25","3,825.64","4,131.75","3,125.00","359,118","1,373,855,281.00","35,313"
95,30-Jan-2023,EQ,"3,940.00","3,948.95","3,818.85","3,936.75","3,842.00","3,841.15","3,862.46","4,131.75","3,125.00","654,472","2,527,874,473.70","71,793"
96,27-Jan-2023,EQ,"3,850.00","3,995.00","3,830.00","3,717.40","3,941.00","3,936.75","3,940.69","4,131.75","3,125.00","2,375,899","9,362,684,815.95","165,025"
97,25-Jan-2023,EQ,"3,689.00","3,740.00","3,673.70","3,686.50","3,740.00","3,717.40","3,710.69","4,131.75","3,125.00","375,571","1,393,626,921.65","35,975"
98,24-Jan-2023,EQ,"3,626.00","3,696.10","3,611.45","3,623.55","3,684.05","3,686.50","3,660.27","4,131.75","3,125.00","212,778","778,824,421.65","22,458"
99,23-Jan-2023,EQ,"3,583.50","3,627.00","3,571.00","3,572.75","3,626.95","3,623.55","3,608.03","4,131.75","3,125.00","173,482","625,928,254.40","15,826"
100,20-Jan-2023,EQ,"3,583.05","3,586.60","3,551.25","3,575.95","3,576.40","3,572.75","3,569.34","4,131.75","3,125.00","191,361","683,031,622.05","20,374"
101,19-Jan-2023,EQ,"3,599.95","3,628.95","3,572.00","3,609.90","3,574.55","3,575.95","3,594.90","4,131.75","3,125.00","226,186","813,116,485.05","20,364"
102,18-Jan-2023,EQ,"3,625.00","3,638.75","3,579.00","3,606.95","3,606.85","3,609.90","3,614.71","4,131.75","3,125.00","306,275","1,107,095,947.35","26,210"
103,17-Jan-2023,EQ,"3,590.00","3,612.70","3,568.15","3,583.15","3,609.90","3,606.95","3,592.39","4,131.75","3,125.00","106,465","382,464,048.60","13,023"
104,16-Jan-2023,EQ,"3,609.95","3,620.95","3,560.00","3,605.30","3,578.80","3,583.15","3,580.84","4,131.75","3,125.00","226,147","809,795,986.80","19,954"
105,13-Jan-2023,EQ,"3,580.00","3,617.85","3,555.15","3,570.30","3,602.45","3,605.30","3,598.44","4,131.75","3,125.00","180,876","650,871,979.15","16,719"
106,12-Jan-2023,EQ,"3,538.05","3,580.00","3,520.05","3,538.05","3,578.00","3,570.30","3,549.24","4,131.75","3,125.00","182,941","649,302,124.50","24,898"
107,11-Jan-2023,EQ,"3,585.00","3,589.95","3,531.05","3,574.20","3,547.20","3,538.05","3,550.65","4,131.75","3,125.00","308,958","1,097,002,510.55","26,793"
108,10-Jan-2023,EQ,"3,630.60","3,636.00","3,563.30","3,620.75","3,585.00","3,574.20","3,587.69","4,131.75","3,125.00","247,609","888,344,178.05","29,614"
109,09-Jan-2023,EQ,"3,660.50","3,669.00","3,606.00","3,642.25","3,619.00","3,620.75","3,630.08","4,131.75","3,125.00","200,031","726,128,071.50","23,809"
110,06-Jan-2023,EQ,"3,618.00","3,648.00","3,598.00","3,621.15","3,640.00","3,642.25","3,621.68","4,131.75","3,125.00","173,591","628,690,433.15","23,793"
111,05-Jan-2023,EQ,"3,568.00","3,632.50","3,558.35","3,552.85","3,628.00","3,621.15","3,610.44","4,131.75","3,125.00","294,998","1,065,073,663.95","30,239"
112,04-Jan-2023,EQ,"3,588.00","3,602.55","3,543.50","3,601.70","3,556.00","3,552.85","3,569.49","4,131.75","3,125.00","250,071","892,626,000.40","22,765"
113,03-Jan-2023,EQ,"3,562.50","3,620.00","3,562.50","3,573.95","3,595.10","3,601.70","3,598.04","4,131.75","3,125.00","218,996","787,957,423.30","23,188"
114,02-Jan-2023,EQ,"3,617.00","3,620.00","3,520.45","3,616.05","3,574.90","3,573.95","3,553.75","4,131.75","3,125.00","471,328","1,674,980,256.85","35,625"
115,30-Dec-2022,EQ,"3,580.00","3,643.10","3,567.65","3,568.80","3,628.20","3,616.05","3,617.42","4,131.75","3,122.00","287,867","1,041,334,580.45","30,916"
116,29-Dec-2022,EQ,"3,579.00","3,600.00","3,540.00","3,586.85","3,574.35","3,568.80","3,566.70","4,131.75","3,122.00","748,244","2,668,762,245.00","31,118"
117,28-Dec-2022,EQ,"3,580.00","3,604.95","3,550.00","3,590.95","3,589.00","3,586.85","3,579.01","4,131.75","3,122.00","229,748","822,270,640.85","18,342"
118,27-Dec-2022,EQ,"3,555.00","3,600.00","3,550.00","3,552.20","3,598.00","3,590.95","3,580.26","4,131.75","3,122.00","115,917","415,012,447.50","18,056"
119,26-Dec-2022,EQ,"3,542.00","3,574.80","3,524.05","3,541.80","3,554.95","3,552.20","3,550.86","4,131.75","3,122.00","140,091","497,444,112.70","15,902"
120,23-Dec-2022,EQ,"3,580.00","3,600.00","3,533.00","3,600.85","3,549.60","3,541.80","3,553.68","4,131.75","3,027.05","122,024","433,634,098.15","19,849"
121,22-Dec-2022,EQ,"3,629.15","3,647.90","3,581.55","3,611.05","3,597.95","3,600.85","3,606.15","4,131.75","3,027.05","158,182","570,428,530.15","18,640"
122,21-Dec-2022,EQ,"3,615.00","3,657.15","3,592.60","3,613.60","3,611.60","3,611.05","3,620.38","4,131.75","3,027.05","149,348","540,696,930.95","19,075"
123,20-Dec-2022,EQ,"3,634.00","3,634.00","3,581.40","3,629.75","3,618.00","3,613.60","3,601.52","4,131.75","3,027.05","152,284","548,453,406.00","14,221"
124,19-Dec-2022,EQ,"3,567.35","3,636.35","3,550.00","3,549.60","3,627.75","3,629.75","3,605.92","4,131.75","3,027.05","238,078","858,489,233.00","22,610"
125,16-Dec-2022,EQ,"3,613.75","3,627.90","3,539.00","3,619.30","3,546.05","3,549.60","3,568.45","4,131.75","3,027.05","228,381","814,966,821.35","25,429"
126,15-Dec-2022,EQ,"3,635.00","3,656.00","3,610.00","3,652.05","3,616.00","3,619.30","3,637.25","4,131.75","3,027.05","161,541","587,565,306.65","14,705"
127,14-Dec-2022,EQ,"3,650.00","3,667.95","3,641.00","3,636.75","3,649.00","3,652.05","3,655.47","4,131.75","3,027.05","132,320","483,692,438.65","19,134"
128,13-Dec-2022,EQ,"3,614.75","3,642.00","3,591.30","3,596.75","3,636.00","3,636.75","3,619.06","4,131.75","3,027.05","126,272","456,986,544.95","14,651"
129,12-Dec-2022,EQ,"3,616.95","3,624.60","3,573.55","3,616.95","3,611.80","3,596.75","3,594.79","4,131.75","3,027.05","171,844","617,743,264.70","20,196"
130,09-Dec-2022,EQ,"3,650.00","3,669.30","3,601.00","3,636.15","3,617.45","3,616.95","3,623.40","4,131.75","3,027.05","166,035","601,610,563.10","22,629"
131,08-Dec-2022,EQ,"3,635.05","3,658.55","3,618.00","3,634.65","3,642.05","3,636.15","3,638.16","4,131.75","3,027.05","141,912","516,298,048.40","19,086"
132,07-Dec-2022,EQ,"3,694.80","3,708.55","3,629.55","3,694.80","3,635.05","3,634.65","3,652.89","4,131.75","3,027.05","167,024","610,120,533.70","17,802"
133,06-Dec-2022,EQ,"3,652.00","3,699.80","3,642.10","3,659.90","3,693.80","3,694.80","3,677.26","4,131.75","3,027.05","251,515","924,886,028.95","19,662"
134,05-Dec-2022,EQ,"3,672.00","3,672.00","3,638.00","3,659.35","3,660.00","3,659.90","3,651.01","4,131.75","3,027.05","163,476","596,853,299.80","16,551"
135,02-Dec-2022,EQ,"3,707.00","3,712.35","3,640.80","3,707.60","3,660.00","3,659.35","3,658.27","4,131.75","3,027.05","349,992","1,280,363,813.60","32,300"
136,01-Dec-2022,EQ,"3,744.05","3,744.05","3,594.35","3,750.70","3,705.00","3,707.60","3,681.84","4,131.75","3,027.05","514,227","1,893,299,966.05","38,811"
137,30-Nov-2022,EQ,"3,674.95","3,772.90","3,671.00","3,660.10","3,732.35","3,750.70","3,740.65","4,131.75","3,027.05","1,267,676","4,741,928,761.00","59,800"
138,29-Nov-2022,EQ,"3,680.35","3,697.00","3,652.00","3,676.70","3,654.70","3,660.10","3,672.71","4,131.75","3,027.05","134,922","495,528,917.60","14,817"
139,28-Nov-2022,EQ,"3,630.20","3,710.00","3,630.20","3,640.25","3,673.05","3,676.70","3,682.26","4,131.75","3,027.05","185,431","682,805,897.75","16,482"
140,25-Nov-2022,EQ,"3,632.25","3,652.70","3,601.00","3,620.15","3,635.25","3,640.25","3,627.13","4,131.75","3,027.05","224,797","815,367,432.35","18,973"
141,24-Nov-2022,EQ,"3,617.20","3,629.65","3,598.45","3,607.85","3,625.00","3,620.15","3,612.58","4,131.75","3,027.05","397,640","1,436,506,563.45","29,778"
142,23-Nov-2022,EQ,"3,622.20","3,654.15","3,595.00","3,619.10","3,610.00","3,607.85","3,617.58","4,131.75","3,027.05","340,707","1,232,534,208.80","32,793"
143,22-Nov-2022,EQ,"3,636.00","3,643.00","3,585.00","3,619.50","3,619.00","3,619.10","3,607.70","4,131.75","3,027.05","322,261","1,162,621,002.10","28,204"
144,21-Nov-2022,EQ,"3,615.00","3,645.80","3,606.40","3,632.95","3,610.00","3,619.50","3,625.21","4,131.75","3,027.05","226,673","821,738,181.45","21,277"
145,18-Nov-2022,EQ,"3,694.15","3,706.85","3,621.00","3,694.15","3,627.85","3,632.95","3,648.11","4,131.75","3,027.05","327,528","1,194,856,991.40","28,618"
146,17-Nov-2022,EQ,"3,749.00","3,767.35","3,678.40","3,747.45","3,695.10","3,694.15","3,714.63","4,131.75","3,027.05","185,433","688,814,238.15","17,494"
147,16-Nov-2022,EQ,"3,757.00","3,798.50","3,739.65","3,764.15","3,744.05","3,747.45","3,766.31","4,131.75","3,027.05","329,588","1,241,329,247.70","25,953"
148,15-Nov-2022,EQ,"3,726.05","3,789.00","3,726.05","3,726.00","3,762.00","3,764.15","3,767.33","4,131.75","3,027.05","296,104","1,115,522,388.50","25,380"
149,14-Nov-2022,EQ,"3,746.30","3,768.00","3,710.45","3,727.65","3,725.00","3,726.00","3,736.85","4,131.75","3,027.05","200,313","748,538,735.85","16,562"
150,11-Nov-2022,EQ,"3,743.25","3,783.95","3,708.50","3,724.60","3,726.00","3,727.65","3,735.13","4,131.75","3,027.05","268,871","1,004,266,973.15","29,220"
151,10-Nov-2022,EQ,"3,739.55","3,770.00","3,717.00","3,739.55","3,730.80","3,724.60","3,736.17","4,131.75","3,027.05","291,055","1,087,429,638.25","19,328"
152,09-Nov-2022,EQ,"3,790.00","3,794.00","3,717.85","3,769.85","3,722.00","3,739.55","3,753.45","4,131.75","3,027.05","249,436","936,245,209.70","19,646"
153,07-Nov-2022,EQ,"3,790.00","3,818.65","3,758.50","3,771.10","3,770.00","3,769.85","3,777.63","4,131.75","3,027.05","272,013","1,027,565,100.50","19,634"
154,04-Nov-2022,EQ,"3,779.45","3,809.90","3,762.90","3,773.50","3,775.00","3,771.10","3,785.76","4,131.75","3,027.05","230,932","874,253,694.65","15,211"
155,03-Nov-2022,EQ,"3,754.00","3,814.00","3,731.05","3,736.80","3,778.00","3,773.50","3,789.97","4,131.75","3,027.05","637,882","2,417,556,230.15","50,134"
156,02-Nov-2022,EQ,"3,746.00","3,746.00","3,693.60","3,732.70","3,728.00","3,736.80","3,720.25","4,131.75","3,027.05","317,571","1,181,444,577.75","21,294"
157,01-Nov-2022,EQ,"3,686.55","3,744.20","3,663.00","3,671.85","3,736.00","3,732.70","3,705.55","4,131.75","3,027.05","514,106","1,905,045,735.15","37,708"
158,31-Oct-2022,EQ,"3,689.10","3,706.35","3,659.10","3,670.70","3,676.00","3,671.85","3,673.89","4,131.75","3,027.05","314,769","1,156,427,467.65","20,405"
159,28-Oct-2022,EQ,"3,640.45","3,719.00","3,631.00","3,622.30","3,674.00","3,670.70","3,683.32","4,131.75","3,027.05","500,485","1,843,446,346.20","39,144"
160,27-Oct-2022,EQ,"3,690.60","3,690.60","3,606.15","3,654.10","3,625.00","3,622.30","3,633.20","4,131.75","3,027.05","333,703","1,212,410,308.50","25,893"
161,25-Oct-2022,EQ,"3,699.00","3,727.00","3,644.00","3,699.80","3,655.10","3,654.10","3,668.12","4,131.75","3,027.05","351,456","1,289,183,954.15","28,573"
162,24-Oct-2022,EQ,"3,715.00","3,720.00","3,680.00","3,668.60","3,699.00","3,699.80","3,703.98","4,131.75","3,027.05","29,986","111,067,610.55","3,883"
163,21-Oct-2022,EQ,"3,699.00","3,720.35","3,641.75","3,691.85","3,670.00","3,668.60","3,676.42","4,131.75","3,027.05","207,556","763,063,923.80","16,808"
164,20-Oct-2022,EQ,"3,629.35","3,703.90","3,586.00","3,655.85","3,691.00","3,691.85","3,652.45","4,131.75","3,027.05","310,251","1,133,176,887.05","33,565"
165,19-Oct-2022,EQ,"3,629.40","3,716.95","3,623.75","3,611.30","3,650.00","3,655.85","3,672.67","4,131.75","3,027.05","456,361","1,676,065,579.85","34,322"
166,18-Oct-2022,EQ,"3,647.15","3,664.85","3,602.10","3,629.00","3,621.70","3,611.30","3,623.49","4,131.75","3,027.05","496,519","1,799,129,837.40","34,670"
167,17-Oct-2022,EQ,"3,580.00","3,674.80","3,578.00","3,570.50","3,630.00","3,629.00","3,637.38","4,131.75","3,027.05","921,084","3,350,333,570.40","59,216"
168,14-Oct-2022,EQ,"3,659.95","3,663.00","3,552.15","3,604.80","3,564.00","3,570.50","3,614.03","4,131.75","3,027.05","499,983","1,806,954,540.15","32,033"
169,13-Oct-2022,EQ,"3,616.85","3,648.80","3,590.00","3,624.50","3,602.40","3,604.80","3,617.42","4,131.75","3,027.05","336,605","1,217,642,216.70","26,043"
170,12-Oct-2022,EQ,"3,546.40","3,653.00","3,515.85","3,528.75","3,620.20","3,624.50","3,618.65","4,131.75","3,027.05","496,229","1,795,678,511.60","40,495"
171,11-Oct-2022,EQ,"3,635.05","3,635.05","3,519.60","3,616.95","3,525.00","3,528.75","3,568.08","4,131.75","3,027.05","258,827","923,516,684.75","30,216"
172,10-Oct-2022,EQ,"3,557.35","3,624.90","3,529.05","3,603.55","3,615.50","3,616.95","3,583.38","4,131.75","3,027.05","240,975","863,505,453.25","29,315"
173,07-Oct-2022,EQ,"3,580.05","3,668.90","3,580.00","3,594.65","3,601.40","3,603.55","3,632.75","4,131.75","3,027.05","591,544","2,148,928,997.35","38,268"
174,06-Oct-2022,EQ,"3,597.50","3,617.15","3,570.00","3,579.60","3,602.55","3,594.65","3,584.17","4,131.75","3,027.05","353,529","1,267,107,417.65","41,203"
175,04-Oct-2022,EQ,"3,550.50","3,599.90","3,539.20","3,515.35","3,580.00","3,579.60","3,570.66","4,131.75","3,027.05","317,554","1,133,876,479.30","21,944"
176,03-Oct-2022,EQ,"3,527.75","3,559.90","3,475.00","3,527.75","3,522.00","3,515.35","3,506.35","4,131.75","3,027.05","442,640","1,552,052,518.80","33,404"
177,30-Sep-2022,EQ,"3,486.50","3,553.95","3,461.25","3,476.70","3,532.00","3,527.75","3,517.19","4,131.75","3,027.05","276,996","974,247,794.05","27,028"
178,29-Sep-2022,EQ,"3,563.00","3,563.85","3,465.05","3,545.90","3,487.50","3,476.70","3,494.40","4,131.75","3,027.05","350,931","1,226,294,733.10","34,903"
179,28-Sep-2022,EQ,"3,525.00","3,573.90","3,505.00","3,541.90","3,540.55","3,545.90","3,546.81","4,131.75","3,027.05","181,128","642,425,926.55","23,035"
180,27-Sep-2022,EQ,"3,590.00","3,594.95","3,510.10","3,574.50","3,535.00","3,541.90","3,539.92","4,131.75","3,027.05","344,198","1,218,431,868.60","31,680"
181,26-Sep-2022,EQ,"3,668.90","3,686.75","3,566.00","3,698.90","3,577.00","3,574.50","3,604.51","4,131.75","3,027.05","517,637","1,865,828,705.95","42,499"
182,23-Sep-2022,EQ,"3,730.00","3,770.00","3,683.00","3,728.90","3,683.00","3,698.90","3,711.33","4,131.75","3,027.05","158,122","586,842,283.10","19,847"
183,22-Sep-2022,EQ,"3,720.00","3,760.00","3,700.00","3,730.60","3,730.00","3,728.90","3,727.97","4,131.75","3,027.05","149,651","557,893,723.00","23,875"
184,21-Sep-2022,EQ,"3,773.85","3,807.45","3,724.00","3,768.60","3,730.00","3,730.60","3,755.27","4,131.75","3,027.05","197,924","743,257,439.15","22,884"
185,20-Sep-2022,EQ,"3,726.80","3,807.90","3,725.00","3,708.25","3,761.65","3,768.60","3,776.97","4,131.75","3,027.05","268,923","1,015,714,040.85","26,113"
186,19-Sep-2022,EQ,"3,700.00","3,731.85","3,661.10","3,689.55","3,716.05","3,708.25","3,696.32","4,131.75","3,027.05","454,942","1,681,609,132.75","34,117"
187,16-Sep-2022,EQ,"3,800.00","3,800.00","3,676.10","3,768.00","3,684.00","3,689.55","3,711.07","4,131.75","3,027.05","579,176","2,149,364,324.90","46,804"
188,15-Sep-2022,EQ,"3,865.00","3,884.60","3,751.35","3,850.25","3,770.00","3,768.00","3,818.51","4,131.75","3,027.05","351,737","1,343,112,734.80","40,893"
189,14-Sep-2022,EQ,"3,815.00","3,918.95","3,811.60","3,866.50","3,850.00","3,850.25","3,869.87","4,131.75","3,027.05","576,311","2,230,250,978.75","44,193"
190,13-Sep-2022,EQ,"3,865.00","3,890.00","3,855.00","3,870.30","3,872.00","3,866.50","3,864.14","4,131.75","3,027.05","507,487","1,961,002,882.55","43,799"
191,12-Sep-2022,EQ,"3,840.00","3,889.80","3,825.00","3,848.60","3,871.00","3,870.30","3,867.78","4,131.75","3,027.05","369,281","1,428,298,403.60","30,532"
192,09-Sep-2022,EQ,"3,865.85","3,880.00","3,835.00","3,846.60","3,844.50","3,848.60","3,850.08","4,131.75","3,027.05","485,613","1,869,648,404.80","41,743"
193,08-Sep-2022,EQ,"3,864.90","3,879.95","3,840.00","3,845.65","3,843.90","3,846.60","3,852.93","4,131.75","3,027.05","493,973","1,903,242,501.85","25,958"
194,07-Sep-2022,EQ,"3,915.00","3,937.50","3,811.20","3,929.40","3,848.00","3,845.65","3,863.10","4,131.75","3,027.05","724,097","2,797,261,926.20","47,464"
195,06-Sep-2022,EQ,"3,962.00","3,990.00","3,919.50","3,956.65","3,934.00","3,929.40","3,934.96","4,131.75","3,027.05","508,096","1,999,339,766.10","23,514"
196,05-Sep-2022,EQ,"4,050.00","4,055.85","3,944.30","4,030.90","3,962.00","3,956.65","3,986.07","4,131.75","3,027.05","799,837","3,188,205,240.75","29,834"
197,02-Sep-2022,EQ,"4,080.00","4,102.80","4,025.40","4,076.30","4,037.80","4,030.90","4,041.35","4,131.75","3,027.05","556,543","2,249,186,237.30","36,244"
198,01-Sep-2022,EQ,"4,010.00","4,131.75","4,010.00","4,084.85","4,075.50","4,076.30","4,092.84","4,131.75","3,027.05","510,034","2,087,488,377.90","36,476"
199,30-Aug-2022,EQ,"4,050.25","4,128.95","4,011.55","4,030.05","4,093.05","4,084.85","4,087.46","4,128.95","3,027.05","740,581","3,027,094,938.40","34,823"
200,29-Aug-2022,EQ,"4,024.95","4,050.00","3,985.50","4,054.40","4,035.00","4,030.05","4,030.97","4,124.35","3,027.05","608,621","2,453,335,264.80","20,328"
201,26-Aug-2022,EQ,"4,075.00","4,124.35","4,041.45","4,062.95","4,050.00","4,054.40","4,064.47","4,124.35","3,027.05","453,561","1,843,484,113.40","29,021"
202,25-Aug-2022,EQ,"4,073.00","4,095.65","4,051.10","4,065.75","4,070.00","4,062.95","4,064.09","4,120.45","3,027.05","374,693","1,522,786,263.35","21,593"
203,24-Aug-2022,EQ,"4,050.45","4,083.95","4,050.45","4,064.45","4,069.05","4,065.75","4,062.95","4,120.45","3,027.05","245,586","997,803,115.05","19,938"
204,23-Aug-2022,EQ,"4,025.00","4,072.85","4,016.05","4,041.60","4,062.50","4,064.45","4,053.36","4,120.45","3,027.05","172,256","698,214,801.55","18,013"
205,22-Aug-2022,EQ,"4,030.00","4,073.40","4,008.80","4,074.55","4,048.40","4,041.60","4,039.00","4,120.45","3,027.05","388,178","1,567,851,978.45","27,451"
206,19-Aug-2022,EQ,"4,052.00","4,088.45","4,050.00","4,060.65","4,069.00","4,074.55","4,066.44","4,120.45","3,027.05","223,883","910,407,112.65","30,582"
207,18-Aug-2022,EQ,"4,079.00","4,079.00","4,040.50","4,067.90","4,068.00","4,060.65","4,056.75","4,120.45","3,027.05","451,908","1,833,276,768.45","42,962"
208,17-Aug-2022,EQ,"4,095.10","4,120.45","4,060.00","4,091.15","4,065.90","4,067.90","4,081.97","4,120.45","3,027.05","313,179","1,278,386,665.30","27,601"
209,16-Aug-2022,EQ,"4,038.00","4,100.00","4,038.00","4,038.00","4,089.05","4,091.15","4,083.34","4,100.00","3,027.05","302,627","1,235,727,460.20","33,839"
210,12-Aug-2022,EQ,"4,033.50","4,060.00","4,013.75","4,033.50","4,038.00","4,038.00","4,041.48","4,091.00","3,027.05","217,139","877,563,277.30","21,895"
211,11-Aug-2022,EQ,"4,050.10","4,058.25","4,022.35","4,034.85","4,034.00","4,033.50","4,030.41","4,091.00","3,027.05","277,432","1,118,163,861.05","27,605"
212,10-Aug-2022,EQ,"4,014.00","4,066.00","4,014.00","4,022.65","4,030.00","4,034.85","4,035.26","4,091.00","3,027.05","218,912","883,365,848.75","23,521"
213,08-Aug-2022,EQ,"4,013.00","4,039.90","4,000.00","4,013.10","4,022.00","4,022.65","4,020.27","4,091.00","3,027.05","238,574","959,132,238.15","16,388"
214,05-Aug-2022,EQ,"4,025.00","4,038.25","3,993.05","4,011.70","4,013.85","4,013.10","4,008.02","4,091.00","3,027.05","287,542","1,152,472,676.50","24,742"
215,04-Aug-2022,EQ,"4,011.00","4,035.00","3,976.00","4,003.45","4,006.00","4,011.70","3,999.74","4,091.00","3,027.05","310,996","1,243,904,245.15","23,675"
216,03-Aug-2022,EQ,"3,999.00","4,010.00","3,963.05","3,996.20","4,001.00","4,003.45","3,985.77","4,091.00","3,027.05","312,355","1,244,976,338.10","32,324"
217,02-Aug-2022,EQ,"3,973.30","4,005.00","3,941.35","3,973.30","3,998.25","3,996.20","3,973.10","4,091.00","3,027.05","398,168","1,581,961,923.70","26,847"
218,01-Aug-2022,EQ,"3,919.95","3,988.25","3,915.00","3,914.45","3,980.15","3,973.30","3,959.10","4,091.00","3,027.05","459,482","1,819,134,906.50","30,893"
219,29-Jul-2022,EQ,"3,899.00","3,952.25","3,878.00","3,858.25","3,911.70","3,914.45","3,916.58","4,091.00","3,027.05","412,805","1,616,783,299.90","30,936"
220,28-Jul-2022,EQ,"3,884.00","3,913.70","3,847.00","3,883.85","3,865.05","3,858.25","3,881.04","4,091.00","3,027.05","423,758","1,644,622,859.30","31,464"
221,27-Jul-2022,EQ,"3,933.00","3,960.00","3,845.15","3,925.60","3,882.65","3,883.85","3,876.66","4,091.00","3,027.05","514,997","1,996,467,069.80","37,063"
222,26-Jul-2022,EQ,"4,014.00","4,030.00","3,917.00","4,021.15","3,932.00","3,925.60","3,970.23","4,091.00","3,027.05","882,407","3,503,355,193.40","67,262"
223,25-Jul-2022,EQ,"4,054.50","4,073.95","3,998.30","4,054.50","4,024.50","4,021.15","4,031.05","4,091.00","3,027.05","372,987","1,503,530,094.25","33,959"
224,22-Jul-2022,EQ,"4,065.00","4,091.00","4,045.25","4,057.05","4,055.00","4,054.50","4,061.19","4,091.00","3,027.05","280,291","1,138,314,521.65","29,414"
225,21-Jul-2022,EQ,"4,004.65","4,070.60","3,993.45","4,002.05","4,065.00","4,057.05","4,036.47","4,070.60","3,027.05","371,547","1,499,738,491.40","27,615"
226,20-Jul-2022,EQ,"4,018.00","4,055.00","3,999.00","4,002.00","4,004.65","4,002.05","4,020.05","4,055.00","3,027.05","377,717","1,518,441,342.90","33,741"
227,19-Jul-2022,EQ,"3,977.05","4,036.00","3,966.00","3,984.05","3,995.00","4,002.00","4,006.98","4,050.00","3,027.05","512,451","2,053,378,909.20","41,231"
228,18-Jul-2022,EQ,"3,930.00","3,990.00","3,925.10","3,913.35","3,985.00","3,984.05","3,965.34","4,050.00","3,027.05","513,318","2,035,479,459.80","42,510"
229,15-Jul-2022,EQ,"3,863.00","3,919.00","3,861.00","3,863.20","3,910.10","3,913.35","3,900.57","4,050.00","3,027.05","281,730","1,098,908,045.50","23,257"
230,14-Jul-2022,EQ,"3,858.90","3,885.95","3,841.00","3,860.75","3,872.65","3,863.20","3,860.86","4,050.00","3,027.05","377,688","1,458,199,499.85","26,174"
231,13-Jul-2022,EQ,"3,858.00","3,878.95","3,848.00","3,847.85","3,854.20","3,860.75","3,861.08","4,050.00","3,027.05","308,508","1,191,175,594.05","25,990"
232,12-Jul-2022,EQ,"3,853.00","3,863.00","3,832.05","3,848.55","3,839.10","3,847.85","3,847.10","4,050.00","3,027.05","244,636","941,140,046.85","18,045"
233,11-Jul-2022,EQ,"3,820.00","3,858.00","3,795.00","3,825.00","3,850.00","3,848.55","3,839.98","4,050.00","3,027.05","372,417","1,430,074,863.35","32,442"
234,08-Jul-2022,EQ,"3,830.00","3,830.00","3,792.70","3,795.50","3,825.00","3,825.00","3,811.08","4,249.90","3,027.05","326,804","1,245,477,499.70","23,720"
235,07-Jul-2022,EQ,"3,786.30","3,836.10","3,785.00","3,773.05","3,790.20","3,795.50","3,806.06","4,249.90","3,027.05","534,547","2,034,516,287.30","29,877"
236,06-Jul-2022,EQ,"3,682.00","3,777.30","3,675.15","3,682.75","3,772.00","3,773.05","3,744.71","4,249.90","3,027.05","333,226","1,247,835,399.25","27,376"
237,05-Jul-2022,EQ,"3,700.00","3,700.00","3,663.00","3,679.75","3,682.05","3,682.75","3,679.17","4,249.90","3,027.05","294,980","1,085,281,999.40","32,625"
238,04-Jul-2022,EQ,"3,644.40","3,695.15","3,608.00","3,624.60","3,675.00","3,679.75","3,642.14","4,249.90","3,027.05","536,505","1,954,026,617.45","52,360"
239,01-Jul-2022,EQ,"3,667.95","3,678.70","3,601.10","3,706.60","3,621.70","3,624.60","3,630.50","4,250.00","3,027.05","756,589","2,746,793,716.65","80,180"
240,30-Jun-2022,EQ,"3,750.00","3,768.35","3,692.00","3,867.55","3,701.00","3,706.60","3,729.23","4,250.00","3,027.05","715,926","2,669,851,819.25","83,637"
241,29-Jun-2022,EQ,"3,880.00","3,900.00","3,856.05","3,889.00","3,874.60","3,867.55","3,876.53","4,250.00","3,027.05","524,392","2,032,822,562.55","48,317"
242,28-Jun-2022,EQ,"3,839.95","3,907.20","3,783.05","3,861.20","3,885.00","3,889.00","3,864.76","4,250.00","3,027.05","799,053","3,088,151,016.20","57,522"
243,27-Jun-2022,EQ,"3,870.00","3,958.45","3,817.00","3,813.35","3,855.00","3,861.20","3,864.31","4,250.00","3,027.05","1,819,576","7,031,409,053.00","119,206"
244,24-Jun-2022,EQ,"3,800.80","3,841.35","3,781.95","3,784.80","3,824.50","3,813.35","3,809.91","4,259.65","3,027.05","558,798","2,128,971,511.55","41,196"
245,23-Jun-2022,EQ,"3,680.10","3,796.00","3,665.25","3,635.65","3,780.00","3,784.80","3,727.09","4,259.65","3,027.05","1,186,420","4,421,896,287.00","112,150"
246,22-Jun-2022,EQ,"3,645.00","3,721.50","3,614.15","3,645.25","3,637.00","3,635.65","3,660.00","4,259.65","3,027.05","585,483","2,142,868,231.25","49,694"
247,21-Jun-2022,EQ,"3,631.00","3,675.00","3,616.05","3,615.95","3,647.00","3,645.25","3,645.51","4,259.65","3,027.05","424,763","1,548,477,292.50","27,421"
248,21-Jun-2022,EQ,"3,631.00","3,675.00","3,616.05","3,615.95","3,647.00","3,645.25","3,645.51","4,259.65","3,027.05","424,763","1,548,477,292.50","27,421"
249,20-Jun-2022,EQ,"3,620.25","3,638.80","3,574.80","3,628.95","3,636.00","3,615.95","3,609.88","4,259.65","3,027.05","268,242","968,322,113.30","24,120"
250,17-Jun-2022,EQ,"3,670.00","3,713.95","3,615.60","3,658.20","3,615.80","3,628.95","3,651.95","4,259.65","3,027.05","727,356","2,656,270,307.90","48,655"
251,16-Jun-2022,EQ,"3,736.80","3,736.80","3,633.00","3,698.10","3,650.00","3,658.20","3,671.64","4,259.65","3,027.05","438,590","1,610,343,666.25","34,128"
252,15-Jun-2022,EQ,"3,700.00","3,742.65","3,645.00","3,681.75","3,688.55","3,698.10","3,686.54","4,259.65","3,027.05","753,821","2,778,988,312.55","69,761"
253,14-Jun-2022,EQ,"3,885.00","3,915.75","3,602.95","3,881.25","3,693.95","3,681.75","3,736.12","4,259.65","3,027.05","1,733,394","6,476,165,713.60","124,984"
254,13-Jun-2022,EQ,"3,825.00","3,895.05","3,794.45","3,881.00","3,884.00","3,881.25","3,852.21","4,259.65","3,027.05","519,745","2,002,165,228.95","40,014"
255,10-Jun-2022,EQ,"3,956.30","3,971.00","3,850.00","3,878.65","3,877.00","3,881.00","3,894.56","4,284.90","3,027.05","1,412,838","5,502,381,316.35","103,821"
256,09-Jun-2022,EQ,"3,794.15","3,895.00","3,779.40","3,794.15","3,874.55","3,878.65","3,846.95","4,284.90","3,027.05","627,869","2,415,381,426.90","38,415"
257,08-Jun-2022,EQ,"3,833.50","3,850.00","3,768.05","3,834.10","3,798.05","3,794.15","3,808.95","4,284.90","3,027.05","346,603","1,320,194,128.70","33,879"
258,07-Jun-2022,EQ,"3,765.00","3,853.65","3,765.00","3,817.00","3,831.00","3,834.10","3,825.41","4,284.90","3,027.05","561,644","2,148,516,657.30","44,928"
259,06-Jun-2022,EQ,"3,660.00","3,869.75","3,650.50","3,672.70","3,820.25","3,817.00","3,777.88","4,284.90","3,027.05","1,136,609","4,293,975,471.55","79,763"
260,03-Jun-2022,EQ,"3,719.00","3,733.90","3,650.00","3,688.70","3,666.30","3,672.70","3,689.94","4,347.00","3,027.05","409,815","1,512,192,712.20","29,604"
261,02-Jun-2022,EQ,"3,720.10","3,749.90","3,666.35","3,720.10","3,690.00","3,688.70","3,702.02","4,347.00","3,027.05","346,754","1,283,688,934.65","41,151"
262,01-Jun-2022,EQ,"3,877.20","3,904.00","3,707.30","3,864.10","3,723.00","3,720.10","3,767.91","4,347.00","3,027.05","784,215","2,954,851,139.40","81,753"
263,31-May-2022,EQ,"3,876.00","3,958.00","3,839.00","3,856.70","3,885.00","3,864.10","3,890.89","4,347.00","3,027.05","1,154,256","4,491,082,346.95","52,052"
264,30-May-2022,EQ,"3,860.00","3,903.15","3,843.05","3,833.05","3,858.00","3,856.70","3,876.26","4,347.00","3,027.05","271,827","1,053,672,684.45","23,911"
265,27-May-2022,EQ,"3,875.00","3,890.00","3,823.05","3,857.35","3,837.70","3,833.05","3,842.87","4,347.00","3,027.05","422,591","1,623,963,799.00","40,431"
266,26-May-2022,EQ,"3,801.10","3,870.00","3,754.05","3,791.80","3,869.80","3,857.35","3,813.52","4,347.00","3,027.05","419,826","1,601,014,835.85","42,318"
267,25-May-2022,EQ,"3,814.55","3,819.00","3,742.25","3,783.30","3,788.45","3,791.80","3,781.03","4,347.00","3,027.05","225,253","851,689,365.70","26,447"
268,24-May-2022,EQ,"3,817.40","3,842.00","3,771.05","3,786.15","3,790.00","3,783.30","3,802.46","4,347.00","3,027.05","369,304","1,404,265,326.45","31,962"
269,23-May-2022,EQ,"3,836.00","3,874.50","3,770.00","3,787.80","3,783.00","3,786.15","3,822.36","4,347.00","3,027.05","339,483","1,297,624,764.95","28,724"
270,20-May-2022,EQ,"3,760.00","3,849.00","3,735.00","3,698.55","3,786.00","3,787.80","3,803.88","4,347.00","3,027.05","396,832","1,509,502,593.35","48,718"
271,19-May-2022,EQ,"3,691.90","3,778.00","3,680.05","3,791.20","3,692.00","3,698.55","3,727.91","4,347.00","3,027.05","261,026","973,082,222.20","33,192"
272,18-May-2022,EQ,"3,743.00","3,829.50","3,736.20","3,742.90","3,783.00","3,791.20","3,797.34","4,347.00","3,027.05","507,061","1,925,484,016.20","48,274"
273,17-May-2022,EQ,"3,725.10","3,787.00","3,725.10","3,715.85","3,741.10","3,742.90","3,761.34","4,347.00","3,027.05","402,398","1,513,554,455.55","35,444"
274,16-May-2022,EQ,"3,650.00","3,725.00","3,650.00","3,642.10","3,704.25","3,715.85","3,705.96","4,347.00","3,027.05","401,803","1,489,065,478.35","36,933"
275,13-May-2022,EQ,"3,618.05","3,736.00","3,618.05","3,585.00","3,642.00","3,642.10","3,676.73","4,347.00","3,027.05","633,218","2,328,169,154.50","64,375"
276,12-May-2022,EQ,"3,585.00","3,654.00","3,539.20","3,612.85","3,584.70","3,585.00","3,583.21","4,347.00","3,027.05","777,332","2,785,340,667.00","67,080"
277,11-May-2022,EQ,"3,600.00","3,627.95","3,537.30","3,593.05","3,592.65","3,612.85","3,589.43","4,347.00","3,027.05","437,746","1,571,260,335.40","45,114"
278,10-May-2022,EQ,"3,564.95","3,646.70","3,540.00","3,568.75","3,587.30","3,593.05","3,610.30","4,347.00","3,027.05","507,087","1,830,738,603.00","45,768"
279,09-May-2022,EQ,"3,490.00","3,584.70","3,480.00","3,499.75","3,567.55","3,568.75","3,544.92","4,347.00","3,027.05","502,719","1,782,098,958.15","44,772"
280,06-May-2022,EQ,"3,488.30","3,555.00","3,460.00","3,523.90","3,500.00","3,499.75","3,509.87","4,347.00","3,027.05","436,366","1,531,589,342.20","44,013"
281,05-May-2022,EQ,"3,538.80","3,595.00","3,510.40","3,496.90","3,516.50","3,523.90","3,552.30","4,347.00","3,027.05","323,081","1,147,680,747.85","38,211"
282,04-May-2022,EQ,"3,625.00","3,683.00","3,485.40","3,623.45","3,497.95","3,496.90","3,547.24","4,347.00","3,027.05","575,428","2,041,179,122.70","68,696"
283,02-May-2022,EQ,"3,720.00","3,720.00","3,606.00","3,729.55","3,622.00","3,623.45","3,640.36","4,347.00","3,027.05","376,660","1,371,179,539.60","34,124"
284,29-Apr-2022,EQ,"3,805.00","3,840.00","3,711.35","3,834.40","3,734.90","3,729.55","3,770.98","4,347.00","3,027.05","594,650","2,242,411,996.50","48,244"
285,28-Apr-2022,EQ,"4,000.00","4,000.00","3,805.00","3,905.65","3,828.70","3,834.40","3,853.56","4,347.00","3,027.05","1,628,318","6,274,824,988.25","134,276"
286,27-Apr-2022,EQ,"3,870.00","3,919.00","3,846.00","3,892.10","3,898.60","3,905.65","3,888.56","4,347.00","3,027.05","541,564","2,105,905,166.65","43,382"
287,26-Apr-2022,EQ,"3,704.95","3,905.00","3,704.95","3,682.95","3,904.95","3,892.10","3,833.67","4,347.00","3,027.05","1,107,122","4,244,340,070.25","81,191"
288,25-Apr-2022,EQ,"3,602.00","3,724.75","3,600.00","3,642.50","3,717.20","3,682.95","3,684.09","4,347.00","3,027.05","444,222","1,636,553,302.55","35,969"
289,22-Apr-2022,EQ,"3,670.00","3,694.75","3,622.85","3,702.35","3,639.45","3,642.50","3,651.81","4,347.00","3,027.05","228,316","833,767,655.85","23,004"
290,21-Apr-2022,EQ,"3,705.00","3,739.50","3,680.10","3,720.75","3,700.00","3,702.35","3,708.16","4,347.00","3,027.05","216,475","802,724,761.20","18,335"
291,20-Apr-2022,EQ,"3,666.00","3,734.95","3,652.30","3,657.15","3,716.70","3,720.75","3,704.86","4,347.00","3,027.05","174,080","644,941,216.50","18,219"
292,19-Apr-2022,EQ,"3,740.00","3,774.60","3,618.35","3,714.60","3,635.50","3,657.15","3,717.00","4,347.00","3,027.05","211,918","787,699,920.70","21,431"
293,18-Apr-2022,EQ,"3,690.00","3,758.25","3,645.25","3,697.30","3,699.95","3,714.60","3,716.87","4,347.00","3,027.05","373,718","1,389,063,042.50","42,092"
294,13-Apr-2022,EQ,"3,712.05","3,747.50","3,669.10","3,712.05","3,694.65","3,697.30","3,699.71","4,347.00","3,027.05","198,206","733,305,533.65","21,943"
295,12-Apr-2022,EQ,"3,768.50","3,776.70","3,676.05","3,787.15","3,700.60","3,712.05","3,715.97","4,347.00","3,027.05","266,145","988,988,060.45","30,688"
296,11-Apr-2022,EQ,"3,820.00","3,825.00","3,768.15","3,810.35","3,780.00","3,787.15","3,791.19","4,347.00","3,027.05","135,225","512,664,073.65","16,155"
297,08-Apr-2022,EQ,"3,812.30","3,836.00","3,767.00","3,802.25","3,804.00","3,810.35","3,796.21","4,347.00","3,027.05","229,962","872,984,018.20","22,633"
298,07-Apr-2022,EQ,"3,801.85","3,819.60","3,771.05","3,801.80","3,811.60","3,802.25","3,795.07","4,347.00","3,027.05","224,527","852,094,724.25","20,902"
299,06-Apr-2022,EQ,"3,801.00","3,810.00","3,741.60","3,809.70","3,791.00","3,801.80","3,776.26","4,347.00","3,027.05","240,470","908,078,223.80","23,606"
300,05-Apr-2022,EQ,"3,765.00","3,819.95","3,765.00","3,763.65","3,804.15","3,809.70","3,798.93","4,347.00","3,027.05","339,228","1,288,703,017.45","27,493"
301,04-Apr-2022,EQ,"3,750.00","3,772.00","3,716.40","3,739.90","3,765.00","3,763.65","3,750.90","4,347.00","3,027.05","419,517","1,573,567,336.90","34,551"
302,01-Apr-2022,EQ,"3,636.00","3,746.00","3,636.00","3,653.00","3,733.30","3,739.90","3,707.46","4,347.00","3,027.05","391,985","1,453,267,345.90","32,548"
303,31-Mar-2022,EQ,"3,680.00","3,715.15","3,636.10","3,674.10","3,670.00","3,653.00","3,665.19","4,347.00","3,027.05","511,249","1,873,826,846.90","32,941"
304,30-Mar-2022,EQ,"3,729.65","3,729.65","3,665.25","3,689.10","3,689.80","3,674.10","3,698.48","4,347.00","3,027.05","343,930","1,272,018,880.40","31,689"
305,29-Mar-2022,EQ,"3,697.80","3,735.00","3,660.85","3,687.75","3,690.00","3,689.10","3,696.41","4,347.00","3,027.05","376,929","1,393,283,373.90","33,789"
306,28-Mar-2022,EQ,"3,654.35","3,737.00","3,645.05","3,654.35","3,680.50","3,687.75","3,701.78","4,347.00","3,027.05","688,267","2,547,809,716.35","54,974"
307,25-Mar-2022,EQ,"3,592.00","3,659.15","3,592.00","3,583.90","3,652.00","3,654.35","3,639.25","4,347.00","3,027.05","492,945","1,793,948,402.40","39,668"
308,24-Mar-2022,EQ,"3,590.30","3,637.90","3,569.70","3,601.50","3,584.00","3,583.90","3,603.26","4,347.00","3,027.05","385,957","1,390,705,000.20","51,494"
309,23-Mar-2022,EQ,"3,664.95","3,683.35","3,590.00","3,656.45","3,593.40","3,601.50","3,623.16","4,347.00","3,027.05","281,347","1,019,364,911.05","23,181"
310,22-Mar-2022,EQ,"3,580.00","3,662.00","3,564.50","3,589.05","3,650.00","3,656.45","3,611.89","4,347.00","3,027.05","213,667","771,742,207.10","19,816"
311,21-Mar-2022,EQ,"3,650.45","3,718.00","3,580.25","3,650.45","3,585.10","3,589.05","3,654.16","4,347.00","3,027.05","432,309","1,579,724,432.55","36,804"
312,17-Mar-2022,EQ,"3,580.00","3,664.85","3,575.65","3,569.80","3,642.00","3,650.45","3,642.53","4,347.00","3,027.05","429,272","1,563,636,958.05","31,425"
313,16-Mar-2022,EQ,"3,490.05","3,592.20","3,481.00","3,454.05","3,569.80","3,569.80","3,532.62","4,347.00","3,027.05","262,987","929,033,421.30","30,017"
314,15-Mar-2022,EQ,"3,441.00","3,494.00","3,426.35","3,452.55","3,450.00","3,454.05","3,461.34","4,347.00","3,027.05","229,544","794,530,529.90","21,762"
315,14-Mar-2022,EQ,"3,402.00","3,464.95","3,368.00","3,423.00","3,454.45","3,452.55","3,419.73","4,347.00","3,027.05","245,299","838,856,643.00","21,776"
316,11-Mar-2022,EQ,"3,400.00","3,445.50","3,386.45","3,422.35","3,425.00","3,423.00","3,421.96","4,347.00","3,027.05","156,038","533,955,717.00","16,176"
317,10-Mar-2022,EQ,"3,399.00","3,440.00","3,385.40","3,339.00","3,420.00","3,422.35","3,412.31","4,347.00","3,027.05","350,154","1,194,835,423.15","32,504"
318,09-Mar-2022,EQ,"3,320.00","3,360.00","3,293.00","3,317.10","3,350.00","3,339.00","3,327.17","4,347.00","3,027.05","508,262","1,691,072,116.45","35,230"
319,08-Mar-2022,EQ,"3,229.00","3,354.45","3,175.70","3,234.65","3,300.20","3,317.10","3,244.04","4,347.00","3,027.05","557,492","1,808,527,425.70","56,980"
320,07-Mar-2022,EQ,"3,185.00","3,279.00","3,125.00","3,242.10","3,229.65","3,234.65","3,186.72","4,347.00","3,027.05","335,205","1,068,205,872.20","37,996"
321,04-Mar-2022,EQ,"3,251.00","3,285.95","3,151.00","3,297.10","3,252.05","3,242.10","3,242.46","4,347.00","3,027.05","509,620","1,652,423,498.05","46,587"
322,03-Mar-2022,EQ,"3,399.00","3,404.80","3,279.00","3,372.30","3,302.00","3,297.10","3,319.32","4,347.00","3,027.05","536,758","1,781,670,245.45","42,706"
323,02-Mar-2022,EQ,"3,498.30","3,498.30","3,333.00","3,530.35","3,367.15","3,372.30","3,387.38","4,347.00","3,027.05","982,580","3,328,367,150.25","86,459"
324,28-Feb-2022,EQ,"3,497.70","3,561.00","3,448.05","3,508.40","3,530.40","3,530.35","3,517.60","4,347.00","3,027.05","387,040","1,361,451,726.25","29,968"
325,25-Feb-2022,EQ,"3,490.10","3,560.00","3,490.10","3,478.90","3,512.00","3,508.40","3,524.01","4,347.00","3,027.05","327,777","1,155,088,232.85","30,526"
326,24-Feb-2022,EQ,"3,485.50","3,559.30","3,435.00","3,580.30","3,435.00","3,478.90","3,505.66","4,347.00","3,027.05","628,362","2,202,825,216.15","49,664"
327,23-Feb-2022,EQ,"3,615.10","3,639.90","3,570.00","3,600.70","3,580.00","3,580.30","3,608.71","4,347.00","3,027.05","209,392","755,635,048.15","24,310"
328,22-Feb-2022,EQ,"3,520.00","3,615.00","3,515.00","3,579.50","3,591.90","3,600.70","3,580.04","4,347.00","3,027.05","432,562","1,548,588,788.05","35,956"
329,21-Feb-2022,EQ,"3,624.15","3,637.95","3,567.35","3,632.15","3,568.75","3,579.50","3,610.43","4,347.00","3,027.05","344,326","1,243,164,919.50","26,414"
330,18-Feb-2022,EQ,"3,597.00","3,642.50","3,563.60","3,597.30","3,636.60","3,632.15","3,620.43","4,347.00","3,027.05","277,299","1,003,941,863.40","20,737"
331,17-Feb-2022,EQ,"3,590.10","3,660.00","3,590.10","3,586.90","3,598.95","3,597.30","3,630.76","4,347.00","3,027.05","513,917","1,865,907,102.80","38,108"
332,16-Feb-2022,EQ,"3,599.00","3,640.00","3,571.10","3,589.20","3,586.40","3,586.90","3,602.78","4,347.00","3,027.05","244,587","881,193,452.75","22,049"
333,15-Feb-2022,EQ,"3,490.00","3,601.00","3,473.75","3,487.95","3,594.50","3,589.20","3,550.24","4,347.00","3,027.05","357,052","1,267,621,110.80","37,771"
334,14-Feb-2022,EQ,"3,465.00","3,538.00","3,461.35","3,566.65","3,476.95","3,487.95","3,506.77","4,347.00","3,027.05","282,645","991,171,865.65","23,878"
335,11-Feb-2022,EQ,"3,530.00","3,575.00","3,508.00","3,569.35","3,569.00","3,566.65","3,549.46","4,347.00","3,027.05","339,577","1,205,315,344.30","30,740"
336,10-Feb-2022,EQ,"3,563.35","3,581.55","3,545.65","3,563.55","3,566.20","3,569.35","3,566.78","4,347.00","3,027.05","239,918","855,734,282.40","33,142"
337,09-Feb-2022,EQ,"3,452.00","3,570.00","3,452.00","3,458.65","3,559.00","3,563.55","3,541.07","4,347.00","3,027.05","352,729","1,249,037,570.30","42,105"
338,08-Feb-2022,EQ,"3,476.10","3,512.95","3,445.90","3,476.00","3,452.00","3,458.65","3,468.26","4,347.00","3,027.05","397,493","1,378,607,513.75","45,747"
339,07-Feb-2022,EQ,"3,570.00","3,570.00","3,468.00","3,565.35","3,481.00","3,476.00","3,498.03","4,347.00","3,027.05","286,849","1,003,405,183.75","28,190"
340,04-Feb-2022,EQ,"3,621.10","3,621.10","3,550.00","3,621.10","3,564.95","3,565.35","3,575.04","4,361.40","3,027.05","296,588","1,060,314,511.15","31,715"
341,03-Feb-2022,EQ,"3,550.00","3,650.95","3,521.00","3,535.00","3,608.85","3,621.10","3,617.39","4,361.40","3,027.05","760,774","2,752,017,269.60","65,617"
342,02-Feb-2022,EQ,"3,540.00","3,585.00","3,521.45","3,534.45","3,536.85","3,535.00","3,556.65","4,361.40","3,027.05","212,256","754,919,849.25","23,814"
343,01-Feb-2022,EQ,"3,577.00","3,592.35","3,511.55","3,564.65","3,530.95","3,534.45","3,547.64","4,361.40","3,027.05","487,464","1,729,345,853.45","40,211"
344,31-Jan-2022,EQ,"3,520.00","3,585.65","3,487.00","3,497.20","3,550.10","3,564.65","3,556.69","4,361.40","3,027.05","470,500","1,673,424,034.85","45,492"
345,28-Jan-2022,EQ,"3,505.00","3,562.30","3,485.10","3,501.10","3,496.25","3,497.20","3,523.37","4,361.40","3,027.05","575,466","2,027,576,805.20","54,825"
346,27-Jan-2022,EQ,"3,445.00","3,536.80","3,394.20","3,469.10","3,501.00","3,501.10","3,467.98","4,361.40","3,027.05","664,333","2,303,893,841.25","64,585"
347,25-Jan-2022,EQ,"3,359.00","3,490.00","3,328.75","3,382.30","3,450.30","3,469.10","3,433.95","4,361.40","3,027.05","571,406","1,962,176,943.70","57,954"
348,24-Jan-2022,EQ,"3,421.00","3,454.20","3,350.00","3,419.80","3,390.05","3,382.30","3,391.72","4,361.40","3,027.05","788,137","2,673,136,737.20","81,524"
349,21-Jan-2022,EQ,"3,308.75","3,473.95","3,270.00","3,308.75","3,430.05","3,419.80","3,418.53","4,361.40","3,027.05","1,609,260","5,501,307,701.30","105,355"
350,20-Jan-2022,EQ,"3,398.90","3,448.00","3,295.00","3,436.80","3,309.50","3,308.75","3,350.85","4,361.40","3,027.05","874,508","2,930,342,390.65","70,918"
351,19-Jan-2022,EQ,"3,400.95","3,462.30","3,383.05","3,400.95","3,452.15","3,436.80","3,433.18","4,361.40","3,027.05","694,189","2,383,273,520.90","52,488"
352,18-Jan-2022,EQ,"3,488.95","3,497.20","3,392.60","3,489.75","3,416.90","3,400.95","3,434.29","4,361.40","3,027.05","656,590","2,254,917,626.10","48,554"
353,17-Jan-2022,EQ,"3,450.00","3,527.00","3,434.05","3,432.80","3,488.00","3,489.75","3,499.83","4,361.40","3,027.05","646,271","2,261,839,618.25","40,890"
354,14-Jan-2022,EQ,"3,451.00","3,462.20","3,425.00","3,451.00","3,429.00","3,432.80","3,440.00","4,361.40","3,027.05","127,752","439,466,879.40","16,949"
355,13-Jan-2022,EQ,"3,445.90","3,474.30","3,430.00","3,440.10","3,449.00","3,451.00","3,450.75","4,361.40","3,027.05","291,271","1,005,104,094.70","27,144"
356,12-Jan-2022,EQ,"3,446.10","3,452.00","3,414.25","3,436.75","3,435.10","3,440.10","3,435.42","4,361.40","3,027.05","198,452","681,765,102.75","29,217"
357,11-Jan-2022,EQ,"3,413.00","3,445.95","3,413.00","3,435.10","3,435.00","3,436.75","3,434.95","4,361.40","3,027.05","225,782","775,549,513.85","20,945"
358,10-Jan-2022,EQ,"3,414.80","3,451.25","3,404.45","3,392.50","3,435.00","3,435.10","3,435.62","4,361.40","3,027.05","318,473","1,094,153,399.75","26,305"
359,07-Jan-2022,EQ,"3,437.50","3,437.50","3,377.00","3,418.20","3,395.00","3,392.50","3,402.94","4,361.40","3,027.05","263,996","898,362,585.55","23,894"
360,06-Jan-2022,EQ,"3,344.80","3,429.00","3,333.00","3,358.55","3,415.10","3,418.20","3,382.74","4,361.40","3,027.05","410,181","1,387,536,018.85","35,382"
361,05-Jan-2022,EQ,"3,289.15","3,365.00","3,281.00","3,289.15","3,350.00","3,358.55","3,338.89","4,361.40","3,027.05","312,215","1,042,451,994.75","22,521"
362,04-Jan-2022,EQ,"3,284.00","3,316.00","3,270.65","3,277.10","3,294.95","3,289.15","3,299.08","4,361.40","3,027.05","244,503","806,634,112.85","21,754"
363,03-Jan-2022,EQ,"3,258.70","3,292.60","3,251.50","3,249.25","3,279.00","3,277.10","3,276.93","4,361.40","3,027.05","266,680","873,892,682.35","22,991"
364,31-Dec-2021,EQ,"3,230.00","3,264.70","3,217.00","3,200.80","3,251.00","3,249.25","3,242.96","4,361.40","3,027.05","248,103","804,588,126.30","21,559"
365,30-Dec-2021,EQ,"3,278.00","3,279.15","3,187.00","3,262.50","3,201.00","3,200.80","3,212.05","4,361.40","3,027.05","594,987","1,911,130,932.65","44,021"
366,29-Dec-2021,EQ,"3,188.75","3,269.00","3,152.05","3,176.05","3,269.00","3,262.50","3,221.03","4,361.40","3,027.05","563,709","1,815,724,351.95","38,276"
367,28-Dec-2021,EQ,"3,161.20","3,187.55","3,150.00","3,154.10","3,175.90","3,176.05","3,170.68","4,361.40","3,027.05","214,640","680,555,095.40","18,345"
368,27-Dec-2021,EQ,"3,145.00","3,174.15","3,122.00","3,152.05","3,159.00","3,154.10","3,142.25","4,361.40","3,027.05","94,069","295,588,650.50","11,935"
369,24-Dec-2021,EQ,"3,181.30","3,195.00","3,135.00","3,174.10","3,156.40","3,152.05","3,155.23","4,361.40","3,027.05","123,753","390,468,949.35","12,432"
370,23-Dec-2021,EQ,"3,150.00","3,190.95","3,138.00","3,135.85","3,180.80","3,174.10","3,171.76","4,361.40","3,027.05","224,147","710,939,784.95","27,916"
371,22-Dec-2021,EQ,"3,132.00","3,173.55","3,126.00","3,130.80","3,137.05","3,135.85","3,147.07","4,361.40","3,027.05","294,578","927,057,399.05","32,996"
372,21-Dec-2021,EQ,"3,112.00","3,160.05","3,092.00","3,105.20","3,135.45","3,130.80","3,130.13","4,361.40","3,027.05","326,850","1,023,083,461.75","38,876"
373,20-Dec-2021,EQ,"3,149.90","3,171.10","3,027.05","3,179.15","3,101.00","3,105.20","3,087.88","4,361.40","3,027.05","595,625","1,839,219,434.65","66,732"
374,17-Dec-2021,EQ,"3,248.05","3,261.80","3,149.10","3,253.15","3,205.30","3,179.15","3,188.49","4,361.40","3,149.10","3,170,631","10,109,515,814.30","84,127"
375,16-Dec-2021,EQ,"3,327.75","3,327.75","3,227.35","3,294.50","3,249.95","3,253.15","3,257.52","4,361.40","3,172.00","324,140","1,055,893,242.95","27,159"
376,15-Dec-2021,EQ,"3,289.65","3,329.85","3,275.00","3,291.65","3,303.00","3,294.50","3,308.49","4,361.40","3,172.00","295,667","978,211,361.60","26,450"
377,14-Dec-2021,EQ,"3,300.00","3,305.00","3,268.00","3,305.45","3,298.10","3,291.65","3,284.41","4,361.40","3,172.00","181,626","596,534,411.75","21,652"
378,13-Dec-2021,EQ,"3,367.00","3,372.45","3,295.00","3,344.75","3,309.95","3,305.45","3,326.19","4,361.40","3,172.00","214,515","713,518,365.80","19,737"
379,10-Dec-2021,EQ,"3,320.20","3,364.20","3,320.00","3,341.00","3,344.60","3,344.75","3,350.37","4,361.40","3,172.00","220,039","737,212,146.15","21,686"
380,09-Dec-2021,EQ,"3,350.00","3,350.00","3,306.00","3,332.05","3,331.15","3,341.00","3,328.31","4,361.40","3,172.00","237,723","791,216,262.95","28,086"
381,08-Dec-2021,EQ,"3,302.85","3,337.95","3,297.00","3,286.45","3,326.00","3,332.05","3,315.34","4,361.40","3,172.00","334,037","1,107,444,844.80","25,429"
382,07-Dec-2021,EQ,"3,284.95","3,317.00","3,261.00","3,249.75","3,285.60","3,286.45","3,291.85","4,361.40","3,172.00","286,908","944,457,163.25","22,484"
383,06-Dec-2021,EQ,"3,297.80","3,300.00","3,242.70","3,287.85","3,252.50","3,249.75","3,275.32","4,361.40","3,172.00","251,407","823,437,351.65","26,899"
384,03-Dec-2021,EQ,"3,335.00","3,343.15","3,280.60","3,328.40","3,287.00","3,287.85","3,308.30","4,361.40","3,161.00","315,536","1,043,888,056.55","30,114"
385,02-Dec-2021,EQ,"3,259.95","3,337.35","3,236.50","3,249.55","3,328.00","3,328.40","3,291.72","4,361.40","3,161.00","502,905","1,655,421,182.20","52,667"
386,01-Dec-2021,EQ,"3,280.00","3,294.20","3,227.30","3,240.30","3,252.20","3,249.55","3,252.59","4,361.40","3,161.00","551,434","1,793,586,681.15","50,734"
387,30-Nov-2021,EQ,"3,296.00","3,322.95","3,223.05","3,298.20","3,230.00","3,240.30","3,265.88","4,361.40","3,161.00","682,518","2,229,024,698.60","56,280"
388,29-Nov-2021,EQ,"3,321.00","3,354.35","3,246.20","3,334.60","3,296.00","3,298.20","3,298.46","4,361.40","3,161.00","403,739","1,331,716,707.00","45,890"
389,26-Nov-2021,EQ,"3,370.00","3,383.50","3,320.00","3,391.70","3,335.00","3,334.60","3,355.50","4,361.40","3,030.60","341,506","1,145,922,840.70","34,262"
390,25-Nov-2021,EQ,"3,402.00","3,413.90","3,377.05","3,407.10","3,393.00","3,391.70","3,393.57","4,361.40","3,030.60","264,226","896,668,341.15","24,260"
391,24-Nov-2021,EQ,"3,459.00","3,459.00","3,385.65","3,434.85","3,389.95","3,407.10","3,432.31","4,361.40","3,030.60","287,005","985,089,881.30","26,748"
392,23-Nov-2021,EQ,"3,440.00","3,448.50","3,376.05","3,444.20","3,445.00","3,434.85","3,428.37","4,361.40","3,030.60","713,102","2,444,780,218.75","54,024"
393,22-Nov-2021,EQ,"3,570.00","3,570.00","3,426.00","3,547.55","3,439.85","3,444.20","3,480.18","4,361.40","3,030.60","422,572","1,470,627,784.25","37,926"
394,18-Nov-2021,EQ,"3,590.50","3,594.90","3,525.00","3,583.80","3,544.05","3,547.55","3,547.15","4,361.40","2,996.45","384,426","1,363,616,683.45","34,803"
395,17-Nov-2021,EQ,"3,610.00","3,644.00","3,576.40","3,608.70","3,582.00","3,583.80","3,604.24","4,361.40","2,996.45","348,752","1,256,986,921.50","29,717"
396,16-Nov-2021,EQ,"3,612.90","3,651.80","3,583.10","3,601.15","3,607.95","3,608.70","3,617.71","4,361.40","2,996.45","473,529","1,713,090,853.60","37,607"
397,15-Nov-2021,EQ,"3,651.00","3,673.90","3,580.05","3,635.05","3,598.00","3,601.15","3,606.11","4,361.40","2,996.45","551,238","1,987,824,496.70","46,673"
398,12-Nov-2021,EQ,"3,782.00","3,782.00","3,615.70","3,749.95","3,640.00","3,635.05","3,657.43","4,361.40","2,967.00","745,428","2,726,350,466.10","71,584"
399,11-Nov-2021,EQ,"3,774.50","3,781.85","3,726.00","3,771.70","3,759.50","3,749.95","3,750.11","4,361.40","2,967.00","446,382","1,673,980,941.65","31,265"
400,10-Nov-2021,EQ,"3,790.00","3,801.60","3,744.00","3,794.45","3,780.00","3,771.70","3,765.11","4,361.40","2,967.00","373,526","1,406,365,120.60","30,300"
401,09-Nov-2021,EQ,"3,780.00","3,845.00","3,772.00","3,777.30","3,795.00","3,794.45","3,816.61","4,361.40","2,967.00","521,920","1,991,967,086.90","40,428"
402,08-Nov-2021,EQ,"3,791.00","3,800.00","3,743.60","3,759.35","3,773.00","3,777.30","3,776.02","4,361.40","2,967.00","261,609","987,841,219.35","25,094"
403,04-Nov-2021,EQ,"3,718.50","3,764.90","3,718.50","3,698.40","3,760.00","3,759.35","3,751.20","4,361.40","2,822.45","65,679","246,374,876.45","6,886"
404,03-Nov-2021,EQ,"3,726.20","3,763.95","3,689.05","3,741.85","3,701.50","3,698.40","3,719.97","4,361.40","2,822.45","261,709","973,550,251.35","26,595"
405,02-Nov-2021,EQ,"3,735.00","3,790.00","3,727.05","3,726.15","3,749.00","3,741.85","3,755.11","4,361.40","2,822.45","250,053","938,976,454.20","28,978"
406,01-Nov-2021,EQ,"3,721.80","3,750.00","3,681.60","3,707.25","3,726.10","3,726.15","3,713.33","4,361.40","2,822.45","228,051","846,829,109.10","23,309"
407,29-Oct-2021,EQ,"3,720.00","3,754.85","3,665.00","3,700.70","3,714.90","3,707.25","3,714.51","4,361.40","2,822.45","316,325","1,174,991,024.25","32,732"
408,28-Oct-2021,EQ,"3,854.95","3,860.00","3,688.85","3,776.50","3,705.40","3,700.70","3,769.41","4,361.40","2,822.45","706,705","2,663,860,903.90","65,132"
409,27-Oct-2021,EQ,"3,795.00","3,815.00","3,760.00","3,791.75","3,767.40","3,776.50","3,790.83","4,361.40","2,822.45","251,226","952,354,311.25","21,602"
410,26-Oct-2021,EQ,"3,779.85","3,811.80","3,762.25","3,763.75","3,792.50","3,791.75","3,786.41","4,361.40","2,822.45","170,050","643,878,440.10","20,044"
411,25-Oct-2021,EQ,"3,854.00","3,884.75","3,735.00","3,866.50","3,765.00","3,763.75","3,777.52","4,361.40","2,822.45","306,195","1,156,657,023.20","33,055"
412,22-Oct-2021,EQ,"3,839.45","3,910.00","3,813.05","3,804.00","3,869.00","3,866.50","3,878.66","4,361.40","2,822.45","408,499","1,584,429,901.70","43,407"
413,21-Oct-2021,EQ,"3,870.00","3,875.15","3,769.50","3,848.65","3,815.00","3,804.00","3,812.18","4,361.40","2,822.45","373,336","1,423,222,762.90","29,676"
414,20-Oct-2021,EQ,"3,903.75","3,909.90","3,828.00","3,911.55","3,850.00","3,848.65","3,859.54","4,361.40","2,822.45","321,450","1,240,649,211.45","30,719"
415,19-Oct-2021,EQ,"3,930.20","3,955.00","3,892.25","3,915.95","3,912.00","3,911.55","3,917.86","4,361.40","2,822.45","275,481","1,079,296,622.55","20,361"
416,18-Oct-2021,EQ,"3,861.00","3,969.70","3,861.00","3,965.90","3,915.00","3,915.95","3,920.56","4,361.40","2,822.45","463,126","1,815,713,714.10","41,330"
417,14-Oct-2021,EQ,"3,970.00","4,009.05","3,954.20","3,967.65","3,962.00","3,965.90","3,983.11","4,361.40","2,822.45","272,066","1,083,668,849.55","26,971"
418,13-Oct-2021,EQ,"3,994.95","4,050.00","3,956.60","3,978.75","3,966.70","3,967.65","3,994.15","4,361.40","2,822.45","648,769","2,591,279,393.65","53,269"
419,12-Oct-2021,EQ,"3,860.00","3,994.50","3,858.00","3,852.10","3,978.80","3,978.75","3,958.15","4,361.40","2,822.45","1,353,877","5,358,846,615.95","95,810"
420,11-Oct-2021,EQ,"3,845.00","3,879.90","3,830.35","3,815.55","3,855.00","3,852.10","3,859.07","4,361.40","2,822.45","239,321","923,557,486.45","22,684"
421,08-Oct-2021,EQ,"3,843.55","3,878.55","3,806.10","3,828.55","3,818.00","3,815.55","3,835.36","4,361.40","2,822.45","215,542","826,680,584.75","21,317"
422,07-Oct-2021,EQ,"3,815.00","3,868.65","3,785.00","3,770.05","3,836.90","3,828.55","3,837.40","4,361.40","2,822.45","343,916","1,319,743,760.75","31,202"
423,06-Oct-2021,EQ,"3,876.00","3,884.00","3,760.00","3,864.00","3,772.00","3,770.05","3,807.01","4,361.40","2,822.45","383,507","1,460,013,273.80","35,454"
424,05-Oct-2021,EQ,"3,824.45","3,873.90","3,820.00","3,825.95","3,864.65","3,864.00","3,854.94","4,361.40","2,822.45","287,612","1,108,728,125.40","19,296"
425,04-Oct-2021,EQ,"3,856.45","3,884.60","3,821.25","3,852.60","3,823.00","3,825.95","3,845.87","4,361.40","2,822.45","237,249","912,429,526.35","24,806"
426,01-Oct-2021,EQ,"3,820.00","3,880.75","3,802.65","3,832.65","3,841.00","3,852.60","3,843.66","4,361.40","2,822.45","407,091","1,564,719,658.95","38,489"
427,30-Sep-2021,EQ,"3,892.25","3,896.40","3,812.00","3,899.25","3,836.00","3,832.65","3,838.63","4,361.40","2,822.45","576,711","2,213,781,346.95","41,939"
428,29-Sep-2021,EQ,"3,900.00","3,935.90","3,850.00","3,908.70","3,892.00","3,899.25","3,889.20","4,361.40","2,822.45","379,896","1,477,490,722.00","36,113"
429,28-Sep-2021,EQ,"3,929.00","3,944.80","3,875.40","3,913.40","3,911.00","3,908.70","3,910.88","4,361.40","2,822.45","478,682","1,872,067,448.60","37,476"
430,27-Sep-2021,EQ,"3,831.00","3,924.80","3,822.80","3,809.80","3,911.00","3,913.40","3,883.61","4,361.40","2,822.45","962,801","3,739,146,381.10","59,835"
431,24-Sep-2021,EQ,"3,800.00","3,849.10","3,787.05","3,799.20","3,811.00","3,809.80","3,817.30","4,361.40","2,822.45","363,519","1,387,659,512.85","25,772"
432,23-Sep-2021,EQ,"3,757.15","3,820.00","3,757.15","3,757.15","3,795.00","3,799.20","3,795.45","4,361.40","2,822.45","228,970","869,044,838.00","21,967"
433,22-Sep-2021,EQ,"3,732.00","3,770.00","3,722.05","3,728.80","3,754.30","3,757.15","3,751.90","4,361.40","2,822.45","245,919","922,663,256.50","25,843"
434,21-Sep-2021,EQ,"3,777.00","3,793.85","3,696.00","3,776.05","3,732.00","3,728.80","3,724.21","4,361.40","2,822.45","354,217","1,319,177,615.55","37,438"
435,20-Sep-2021,EQ,"3,813.40","3,813.40","3,735.00","3,822.20","3,778.45","3,776.05","3,774.15","4,361.40","2,822.45","399,648","1,508,331,364.30","34,028"
436,17-Sep-2021,EQ,"3,840.00","3,879.40","3,810.45","3,813.50","3,832.00","3,822.20","3,842.19","4,361.40","2,822.45","1,304,667","5,012,784,244.00","67,051"
437,16-Sep-2021,EQ,"3,798.00","3,834.00","3,780.05","3,779.10","3,810.80","3,813.50","3,815.16","4,361.40","2,822.45","558,125","2,129,335,100.65","56,002"
438,15-Sep-2021,EQ,"3,762.60","3,801.60","3,758.05","3,751.05","3,789.20","3,779.10","3,783.86","4,361.40","2,822.45","510,406","1,931,305,894.20","43,324"
439,14-Sep-2021,EQ,"3,717.40","3,767.00","3,690.00","3,699.55","3,754.55","3,751.05","3,743.84","4,361.40","2,822.45","741,880","2,777,479,727.80","47,270"
440,13-Sep-2021,EQ,"3,699.00","3,720.00","3,680.00","3,700.60","3,700.00","3,699.55","3,698.58","4,361.40","2,822.45","342,427","1,266,493,593.20","22,651"
441,09-Sep-2021,EQ,"3,724.90","3,728.95","3,695.00","3,725.35","3,699.80","3,700.60","3,705.18","4,361.40","2,822.45","479,537","1,776,768,682.65","26,744"
442,08-Sep-2021,EQ,"3,769.75","3,769.75","3,718.00","3,770.70","3,725.00","3,725.35","3,733.37","4,361.40","2,822.45","396,710","1,481,066,614.85","28,466"
443,07-Sep-2021,EQ,"3,796.80","3,800.65","3,762.15","3,781.10","3,768.95","3,770.70","3,777.65","4,361.40","2,822.45","450,262","1,700,933,287.35","39,050"
444,06-Sep-2021,EQ,"3,784.45","3,829.00","3,770.00","3,757.50","3,776.55","3,781.10","3,793.32","4,361.40","2,822.45","779,715","2,957,706,738.05","45,319"
445,03-Sep-2021,EQ,"3,726.00","3,809.50","3,725.00","3,720.95","3,764.25","3,757.50","3,768.66","4,361.40","2,822.45","740,269","2,789,822,596.05","44,225"
446,02-Sep-2021,EQ,"3,789.00","3,789.00","3,717.00","3,758.30","3,726.00","3,720.95","3,730.19","4,361.40","2,822.45","474,397","1,769,590,890.30","34,361"
447,01-Sep-2021,EQ,"3,754.00","3,810.00","3,730.10","3,727.85","3,753.50","3,758.30","3,777.59","4,361.40","2,822.45","585,605","2,212,175,848.30","47,193"
448,31-Aug-2021,EQ,"3,732.95","3,739.00","3,705.60","3,720.40","3,734.00","3,727.85","3,725.44","4,361.40","2,822.45","693,952","2,585,276,701.20","30,974"
449,30-Aug-2021,EQ,"3,717.90","3,756.60","3,705.00","3,699.45","3,719.10","3,720.40","3,727.04","4,361.40","2,822.45","561,903","2,094,232,563.35","26,618"
450,27-Aug-2021,EQ,"3,707.40","3,749.90","3,679.00","3,691.40","3,698.00","3,699.45","3,713.01","4,361.40","2,822.45","274,822","1,020,417,780.20","20,435"
451,26-Aug-2021,EQ,"3,689.65","3,719.65","3,670.00","3,689.65","3,694.00","3,691.40","3,692.65","4,361.40","2,822.45","283,891","1,048,311,202.40","23,674"
452,25-Aug-2021,EQ,"3,731.45","3,759.95","3,680.00","3,714.75","3,688.00","3,689.65","3,715.51","4,361.40","2,822.45","398,715","1,481,427,642.90","30,437"
453,24-Aug-2021,EQ,"3,690.00","3,722.00","3,653.70","3,668.25","3,717.00","3,714.75","3,697.28","4,361.40","2,822.45","276,602","1,022,674,537.15","26,955"
454,23-Aug-2021,EQ,"3,787.90","3,787.90","3,647.15","3,751.50","3,667.00","3,668.25","3,705.47","4,361.40","2,822.45","455,643","1,688,373,384.65","42,979"
455,20-Aug-2021,EQ,"3,780.00","3,825.00","3,725.80","3,833.05","3,740.00","3,751.50","3,777.59","4,361.40","2,822.45","301,943","1,140,616,676.35","36,244"
456,18-Aug-2021,EQ,"3,810.00","3,856.05","3,775.00","3,807.45","3,835.00","3,833.05","3,826.39","4,361.40","2,822.45","493,285","1,887,499,618.45","31,059"
457,17-Aug-2021,EQ,"3,749.00","3,819.50","3,741.55","3,748.45","3,807.00","3,807.45","3,779.83","4,361.40","2,822.45","319,770","1,208,677,485.20","39,147"
458,16-Aug-2021,EQ,"3,826.00","3,829.00","3,744.00","3,825.75","3,750.00","3,748.45","3,763.64","4,361.40","2,822.45","294,567","1,108,642,960.10","26,347"
459,13-Aug-2021,EQ,"3,780.00","3,860.00","3,760.00","3,769.35","3,826.00","3,825.75","3,822.95","4,361.40","2,822.45","581,862","2,224,429,402.20","46,116"
460,12-Aug-2021,EQ,"3,746.80","3,777.00","3,736.00","3,727.15","3,764.75","3,769.35","3,763.39","4,361.40","2,822.45","316,454","1,190,938,597.65","32,257"
461,11-Aug-2021,EQ,"3,800.00","3,806.25","3,695.20","3,797.95","3,736.00","3,727.15","3,726.60","4,361.40","2,822.45","497,724","1,854,820,682.65","41,595"
462,10-Aug-2021,EQ,"3,857.00","3,861.75","3,785.10","3,855.15","3,798.00","3,797.95","3,828.90","4,361.40","2,822.45","253,258","969,699,752.00","20,991"
463,09-Aug-2021,EQ,"3,858.15","3,898.90","3,837.05","3,847.85","3,858.10","3,855.15","3,872.90","4,361.40","2,822.45","396,098","1,534,049,774.10","28,856"
464,06-Aug-2021,EQ,"3,833.00","3,872.35","3,797.25","3,818.75","3,850.05","3,847.85","3,834.95","4,361.40","2,822.45","504,011","1,932,858,360.40","46,250"
465,05-Aug-2021,EQ,"3,842.00","3,858.00","3,813.60","3,832.00","3,825.00","3,818.75","3,834.87","4,361.40","2,822.45","333,818","1,280,149,525.75","27,194"
466,04-Aug-2021,EQ,"3,835.00","3,864.85","3,816.00","3,828.20","3,842.00","3,832.00","3,832.17","4,361.40","2,822.45","363,955","1,394,738,536.15","43,949"
467,03-Aug-2021,EQ,"3,830.00","3,838.00","3,805.65","3,841.55","3,830.00","3,828.20","3,818.36","4,361.40","2,822.45","408,981","1,561,635,932.80","43,939"
468,02-Aug-2021,EQ,"3,874.00","3,880.00","3,813.20","3,829.60","3,838.00","3,841.55","3,840.75","4,361.40","2,822.45","351,187","1,348,822,001.20","43,368"
469,30-Jul-2021,EQ,"3,776.00","3,858.00","3,753.15","3,763.75","3,843.00","3,829.60","3,822.20","4,361.40","2,822.45","511,767","1,956,073,270.30","47,994"
470,29-Jul-2021,EQ,"3,827.80","3,827.80","3,750.00","3,818.50","3,756.25","3,763.75","3,788.19","4,361.40","2,822.45","355,185","1,345,509,742.70","30,985"
471,28-Jul-2021,EQ,"3,834.00","3,841.45","3,781.00","3,821.40","3,810.80","3,818.50","3,805.56","4,361.40","2,822.45","235,770","897,236,942.95","28,145"
472,27-Jul-2021,EQ,"3,850.00","3,859.00","3,812.00","3,836.35","3,821.00","3,821.40","3,837.57","4,361.40","2,822.45","391,373","1,501,921,940.70","35,235"
473,26-Jul-2021,EQ,"3,852.00","3,871.30","3,830.00","3,841.90","3,840.00","3,836.35","3,847.43","4,361.40","2,822.45","408,134","1,570,267,483.75","41,323"
474,23-Jul-2021,EQ,"3,873.00","3,925.00","3,825.05","3,853.20","3,840.00","3,841.90","3,867.02","4,361.40","2,822.45","709,478","2,743,569,068.00","54,326"
475,22-Jul-2021,EQ,"3,920.00","4,013.65","3,781.60","3,905.40","3,859.70","3,853.20","3,928.59","4,361.40","2,822.45","1,707,977","6,709,946,095.90","138,108"
476,20-Jul-2021,EQ,"3,887.90","3,932.45","3,881.90","3,882.85","3,909.00","3,905.40","3,906.47","4,361.40","2,822.45","467,908","1,827,869,064.40","40,062"
477,19-Jul-2021,EQ,"3,922.00","3,939.00","3,875.00","3,931.95","3,885.00","3,882.85","3,896.09","4,361.40","2,822.45","408,067","1,589,867,471.55","46,342"
478,16-Jul-2021,EQ,"3,958.00","3,960.60","3,925.00","3,940.00","3,934.00","3,931.95","3,939.29","4,361.40","2,822.45","323,569","1,274,631,844.30","27,991"
479,15-Jul-2021,EQ,"3,954.00","3,969.95","3,930.30","3,953.85","3,943.00","3,940.00","3,944.76","4,361.40","2,822.45","310,788","1,225,985,203.75","35,301"
480,14-Jul-2021,EQ,"3,969.00","4,003.10","3,940.00","3,966.10","3,958.00","3,953.85","3,965.14","4,361.40","2,822.45","527,932","2,093,325,895.80","43,752"
481,13-Jul-2021,EQ,"3,985.00","4,019.70","3,954.55","3,956.15","3,967.80","3,966.10","3,986.73","4,361.40","2,822.45","614,101","2,448,252,851.75","31,449"
482,12-Jul-2021,EQ,"4,018.00","4,030.00","3,946.90","3,995.90","3,964.00","3,956.15","3,983.97","4,361.40","2,822.45","512,870","2,043,260,645.50","38,898"
483,09-Jul-2021,EQ,"4,077.00","4,079.95","3,990.00","4,077.30","3,998.95","3,995.90","4,014.54","4,361.40","2,811.60","656,635","2,636,087,947.60","51,281"
484,08-Jul-2021,EQ,"4,068.70","4,118.40","4,030.55","4,188.25","4,073.00","4,077.30","4,086.14","4,361.40","2,811.60","625,491","2,555,840,964.45","49,455"
485,07-Jul-2021,EQ,"4,200.00","4,224.00","4,170.00","4,195.40","4,195.00","4,188.25","4,187.16","4,361.40","2,811.60","392,794","1,644,693,249.95","21,705"
486,06-Jul-2021,EQ,"4,203.50","4,249.00","4,172.00","4,201.50","4,198.00","4,195.40","4,209.04","4,361.40","2,811.60","515,181","2,168,417,030.10","32,705"
487,05-Jul-2021,EQ,"4,191.60","4,249.90","4,186.85","4,175.35","4,200.00","4,201.50","4,211.24","4,361.40","2,811.60","375,703","1,582,176,208.45","30,560"
488,02-Jul-2021,EQ,"4,229.50","4,229.50","4,171.00","4,204.55","4,184.00","4,175.35","4,186.83","4,361.40","2,811.60","375,525","1,572,260,836.00","30,043"
489,01-Jul-2021,EQ,"4,141.00","4,250.00","4,141.00","4,133.85","4,205.95","4,204.55","4,215.71","4,361.40","2,811.60","755,502","3,184,973,961.30","50,847"
490,30-Jun-2021,EQ,"4,130.00","4,164.00","4,119.80","4,124.65","4,141.00","4,133.85","4,138.68","4,361.40","2,811.60","331,122","1,370,407,303.30","29,548"
491,29-Jun-2021,EQ,"4,185.00","4,188.85","4,117.00","4,183.45","4,120.00","4,124.65","4,136.75","4,361.40","2,811.60","332,405","1,375,075,639.50","34,254"
492,28-Jun-2021,EQ,"4,196.15","4,205.25","4,166.00","4,196.15","4,187.00","4,183.45","4,183.16","4,361.40","2,811.60","158,954","664,929,745.00","15,251"
493,25-Jun-2021,EQ,"4,220.00","4,249.00","4,178.00","4,226.90","4,192.95","4,196.15","4,209.58","4,361.40","2,659.55","175,051","736,891,555.20","21,204"
494,24-Jun-2021,EQ,"4,190.00","4,236.20","4,156.75","4,198.60","4,221.00","4,226.90","4,207.83","4,361.40","2,659.55","314,542","1,323,539,571.55","25,214"
495,23-Jun-2021,EQ,"4,230.00","4,259.65","4,191.25","4,221.60","4,204.00","4,198.60","4,232.53","4,361.40","2,659.55","418,053","1,769,422,453.05","30,182"
496,22-Jun-2021,EQ,"4,183.30","4,230.60","4,155.30","4,182.65","4,208.45","4,221.60","4,204.18","4,361.40","2,659.55","591,793","2,488,002,208.20","37,290"
497,21-Jun-2021,EQ,"4,153.00","4,196.00","4,106.45","4,167.10","4,180.00","4,182.65","4,165.51","4,361.40","2,659.55","374,649","1,560,603,624.60","34,636"
498,21-Jun-2021,EQ,"4,153.00","4,196.00","4,106.45","4,167.10","4,180.00","4,182.65","4,165.51","4,361.40","2,659.55","374,649","1,560,603,624.60","34,636"
499,18-Jun-2021,EQ,"4,055.00","4,193.35","4,030.00","4,053.90","4,177.10","4,167.10","4,124.09","4,361.40","2,646.15","701,993","2,895,083,245.25","51,709"
500,17-Jun-2021,EQ,"4,120.00","4,120.00","4,042.05","4,110.45","4,058.00","4,053.90","4,074.80","4,361.40","2,646.15","357,704","1,457,572,865.45","31,258"
501,16-Jun-2021,EQ,"4,138.10","4,158.05","4,102.00","4,138.10","4,104.00","4,110.45","4,117.76","4,361.40","2,646.15","216,236","890,407,406.95","23,952"
502,15-Jun-2021,EQ,"4,155.00","4,171.80","4,131.10","4,146.50","4,137.00","4,138.10","4,145.70","4,361.40","2,646.15","138,010","572,147,840.70","15,225"
503,14-Jun-2021,EQ,"4,173.00","4,195.50","4,127.15","4,172.50","4,145.00","4,146.50","4,150.08","4,361.40","2,646.15","200,657","832,742,867.75","21,911"
504,11-Jun-2021,EQ,"4,185.00","4,216.85","4,162.00","4,179.90","4,173.00","4,172.50","4,190.02","4,361.40","2,610.25","188,155","788,373,211.05","17,703"
505,10-Jun-2021,EQ,"4,229.00","4,233.50","4,166.00","4,224.50","4,184.00","4,179.90","4,181.76","4,361.40","2,610.25","332,571","1,390,732,943.35","33,873"
506,09-Jun-2021,EQ,"4,268.00","4,272.50","4,201.00","4,269.90","4,226.95","4,224.50","4,235.15","4,361.40","2,610.25","262,617","1,112,221,270.45","27,309"
507,08-Jun-2021,EQ,"4,250.00","4,275.00","4,234.00","4,249.75","4,268.95","4,269.90","4,262.23","4,361.40","2,610.25","150,816","642,812,951.80","16,692"
508,07-Jun-2021,EQ,"4,258.55","4,284.90","4,240.00","4,250.05","4,242.70","4,249.75","4,260.45","4,361.40","2,610.25","159,646","680,164,137.55","14,466"
509,04-Jun-2021,EQ,"4,264.40","4,295.45","4,240.00","4,273.35","4,240.00","4,250.05","4,255.76","4,361.40","2,610.25","374,317","1,593,004,207.80","27,165"
510,03-Jun-2021,EQ,"4,294.30","4,300.00","4,242.00","4,295.05","4,271.05","4,273.35","4,264.39","4,361.40","2,610.25","323,999","1,381,659,411.80","29,675"
511,02-Jun-2021,EQ,"4,227.90","4,305.90","4,200.00","4,238.95","4,294.30","4,295.05","4,258.76","4,361.40","2,610.25","351,583","1,497,306,985.70","29,575"
512,01-Jun-2021,EQ,"4,204.90","4,347.00","4,204.90","4,192.80","4,232.00","4,238.95","4,284.11","4,361.40","2,610.25","1,248,169","5,347,296,204.25","88,135"
513,31-May-2021,EQ,"4,190.00","4,228.70","4,167.00","4,199.50","4,186.75","4,192.80","4,190.77","4,361.40","2,610.25","321,021","1,345,323,758.10","29,170"
514,28-May-2021,EQ,"4,240.20","4,256.00","4,187.65","4,246.10","4,203.00","4,199.50","4,215.08","4,361.40","2,450.00","285,520","1,203,488,324.25","22,724"
515,27-May-2021,EQ,"4,170.00","4,274.00","4,152.75","4,166.30","4,260.00","4,246.10","4,228.58","4,361.40","2,450.00","878,610","3,715,276,380.60","57,183"
516,26-May-2021,EQ,"4,150.10","4,180.00","4,142.00","4,150.10","4,170.00","4,166.30","4,164.22","4,361.40","2,450.00","261,524","1,089,042,422.65","18,853"
517,25-May-2021,EQ,"4,165.55","4,187.00","4,141.00","4,142.30","4,142.45","4,150.10","4,160.74","4,361.40","2,450.00","297,915","1,239,546,086.75","23,857"
518,24-May-2021,EQ,"4,125.00","4,184.85","4,107.40","4,125.55","4,154.70","4,142.30","4,152.65","4,361.40","2,450.00","500,267","2,077,435,157.25","41,819"
519,21-May-2021,EQ,"4,082.20","4,132.00","4,055.10","4,071.20","4,125.00","4,125.55","4,104.61","4,361.40","2,450.00","378,016","1,551,608,746.90","29,864"
520,20-May-2021,EQ,"4,095.95","4,129.00","4,062.10","4,095.95","4,080.00","4,071.20","4,087.31","4,361.40","2,450.00","465,579","1,902,967,899.95","38,046"
521,19-May-2021,EQ,"4,075.00","4,112.00","4,047.80","4,067.20","4,111.00","4,095.95","4,079.29","4,361.40","2,450.00","788,882","3,218,081,266.15","56,759"
522,18-May-2021,EQ,"3,898.70","4,078.00","3,867.40","3,864.40","4,065.00","4,067.20","4,014.71","4,361.40","2,450.00","1,371,585","5,506,512,277.80","86,029"
523,17-May-2021,EQ,"3,845.00","3,924.40","3,833.20","3,848.80","3,856.45","3,864.40","3,880.47","4,361.40","2,450.00","427,552","1,659,103,164.35","40,894"
524,14-May-2021,EQ,"3,880.30","3,894.15","3,814.00","3,875.25","3,850.00","3,848.80","3,850.76","4,361.40","2,428.00","481,619","1,854,601,537.25","48,095"
525,12-May-2021,EQ,"3,866.00","3,900.00","3,847.20","3,879.30","3,875.50","3,875.25","3,876.97","4,361.40","2,428.00","499,840","1,937,863,808.80","31,981"
526,11-May-2021,EQ,"3,860.00","3,894.70","3,811.25","3,868.65","3,882.00","3,879.30","3,860.60","4,361.40","2,428.00","453,808","1,751,971,681.05","44,249"
527,10-May-2021,EQ,"3,900.00","3,903.85","3,844.50","3,866.75","3,869.20","3,868.65","3,878.22","4,361.40","2,428.00","306,598","1,189,053,088.50","23,067"
528,07-May-2021,EQ,"3,954.50","3,967.80","3,853.95","3,941.20","3,869.00","3,866.75","3,890.20","4,361.40","2,361.30","486,456","1,892,410,931.10","31,452"
529,06-May-2021,EQ,"3,852.00","3,970.00","3,852.00","3,843.80","3,945.00","3,941.20","3,937.79","4,361.40","2,361.30","938,078","3,693,957,068.40","65,940"
530,05-May-2021,EQ,"3,842.20","3,852.60","3,784.10","3,830.35","3,849.00","3,843.80","3,825.01","4,361.40","2,361.30","371,452","1,420,807,850.10","32,621"
531,04-May-2021,EQ,"3,877.00","3,888.00","3,815.05","3,851.85","3,837.00","3,830.35","3,851.92","4,361.40","2,361.30","408,324","1,572,833,209.20","32,680"
532,03-May-2021,EQ,"3,815.00","3,906.80","3,785.00","3,833.75","3,858.80","3,851.85","3,868.64","4,361.40","2,361.30","796,444","3,081,154,726.95","50,673"
533,30-Apr-2021,EQ,"3,805.00","3,966.35","3,800.00","3,836.45","3,827.00","3,833.75","3,869.17","4,361.40","2,361.30","1,340,273","5,185,743,742.75","79,430"
534,29-Apr-2021,EQ,"3,943.00","3,954.30","3,807.10","3,889.75","3,818.95","3,836.45","3,880.32","4,361.40","2,361.30","1,335,444","5,181,949,569.15","92,106"
535,28-Apr-2021,EQ,"3,810.05","3,954.00","3,807.00","3,785.50","3,887.15","3,889.75","3,909.99","4,361.40","2,361.30","1,252,958","4,899,047,573.95","78,857"
536,27-Apr-2021,EQ,"3,738.85","3,798.00","3,727.20","3,738.85","3,795.00","3,785.50","3,764.89","4,361.40","2,361.30","518,487","1,952,048,117.10","47,765"
537,26-Apr-2021,EQ,"3,682.20","3,749.00","3,676.00","3,672.50","3,739.00","3,738.85","3,719.79","4,361.40","2,361.30","480,016","1,785,559,722.95","36,835"
538,23-Apr-2021,EQ,"3,680.00","3,709.60","3,640.00","3,681.40","3,671.00","3,672.50","3,672.20","4,361.40","2,295.00","631,762","2,319,954,732.30","37,080"
539,22-Apr-2021,EQ,"3,594.80","3,694.00","3,573.00","3,600.90","3,682.40","3,681.40","3,650.86","4,361.40","2,295.00","1,005,711","3,671,713,847.45","66,000"
540,20-Apr-2021,EQ,"3,585.35","3,624.30","3,555.10","3,515.55","3,583.50","3,600.90","3,591.77","4,361.40","2,295.00","676,558","2,430,039,431.40","38,408"
541,19-Apr-2021,EQ,"3,525.20","3,562.00","3,447.00","3,634.65","3,518.35","3,515.55","3,495.90","4,361.40","2,295.00","601,819","2,103,896,823.90","53,769"
542,16-Apr-2021,EQ,"3,580.00","3,657.50","3,569.95","3,597.50","3,625.00","3,634.65","3,623.74","4,361.40","2,264.50","526,787","1,908,941,310.00","44,449"
543,15-Apr-2021,EQ,"3,602.45","3,655.55","3,526.10","3,602.45","3,599.95","3,597.50","3,587.25","4,361.40","2,264.50","614,450","2,204,185,799.30","46,902"
544,13-Apr-2021,EQ,"3,569.00","3,623.70","3,515.20","3,541.00","3,605.00","3,602.45","3,565.09","4,361.40","2,264.50","412,122","1,469,252,056.45","39,862"
545,12-Apr-2021,EQ,"3,579.50","3,599.00","3,480.05","3,651.30","3,542.60","3,541.00","3,542.06","4,361.40","2,264.50","724,230","2,565,263,642.80","57,239"
546,09-Apr-2021,EQ,"3,640.00","3,694.00","3,625.00","3,649.80","3,653.00","3,651.30","3,665.57","4,361.40","2,065.00","484,807","1,777,093,731.50","42,969"
547,08-Apr-2021,EQ,"3,698.95","3,698.95","3,645.00","3,680.20","3,645.00","3,649.80","3,663.64","4,361.40","2,065.00","414,020","1,516,821,067.85","30,647"
548,07-Apr-2021,EQ,"3,605.00","3,693.45","3,596.25","3,615.50","3,677.00","3,680.20","3,662.22","4,361.40","2,065.00","346,982","1,270,724,591.20","26,756"
549,06-Apr-2021,EQ,"3,639.95","3,640.00","3,602.25","3,598.50","3,613.05","3,615.50","3,623.15","4,361.40","2,065.00","501,882","1,818,394,591.95","32,528"
550,05-Apr-2021,EQ,"3,700.05","3,740.00","3,576.05","3,743.05","3,598.00","3,598.50","3,612.34","4,361.40","2,065.00","723,573","2,613,794,596.05","34,717"
551,01-Apr-2021,EQ,"3,704.00","3,764.30","3,690.20","3,670.60","3,740.00","3,743.05","3,741.31","4,361.40","1,930.30","861,229","3,222,125,595.00","50,864"
552,31-Mar-2021,EQ,"3,650.00","3,683.60","3,612.05","3,666.70","3,680.40","3,670.60","3,646.38","4,361.40","1,930.30","694,645","2,532,937,425.05","45,810"
553,30-Mar-2021,EQ,"3,604.25","3,674.75","3,581.35","3,600.05","3,666.25","3,666.70","3,648.67","4,361.40","1,930.30","749,230","2,733,690,767.65","64,199"
554,26-Mar-2021,EQ,"3,517.10","3,619.25","3,517.10","3,501.60","3,600.00","3,600.05","3,591.41","4,361.40","1,788.65","691,000","2,481,663,137.15","45,010"
555,25-Mar-2021,EQ,"3,615.00","3,615.00","3,497.00","3,603.55","3,510.55","3,501.60","3,534.91","4,361.40","1,788.65","808,505","2,857,991,728.00","63,587"
556,24-Mar-2021,EQ,"3,661.00","3,698.00","3,590.95","3,678.35","3,606.00","3,603.55","3,640.30","4,361.40","1,788.65","507,559","1,847,667,122.45","39,326"
557,23-Mar-2021,EQ,"3,665.55","3,709.95","3,641.25","3,664.75","3,667.00","3,678.35","3,677.45","4,361.40","1,788.65","581,531","2,138,549,906.15","46,328"
558,22-Mar-2021,EQ,"3,650.20","3,685.00","3,634.30","3,650.05","3,661.50","3,664.75","3,659.16","4,361.40","1,788.65","502,724","1,839,546,958.65","50,732"
559,19-Mar-2021,EQ,"3,653.95","3,673.00","3,570.20","3,664.50","3,645.80","3,650.05","3,638.85","4,361.40","1,788.65","1,132,705","4,121,739,074.40","67,087"
560,18-Mar-2021,EQ,"3,598.00","3,692.95","3,565.00","3,569.60","3,674.55","3,664.50","3,638.73","4,361.40","1,788.65","1,285,600","4,677,951,662.65","84,460"
561,17-Mar-2021,EQ,"3,650.00","3,678.00","3,555.80","3,654.45","3,558.15","3,569.60","3,609.44","4,361.40","1,788.65","773,240","2,790,966,978.85","55,355"
562,16-Mar-2021,EQ,"3,673.15","3,690.00","3,635.00","3,664.65","3,651.75","3,654.45","3,654.79","4,361.40","1,788.65","858,553","3,137,835,162.45","55,526"
563,15-Mar-2021,EQ,"3,775.00","3,775.00","3,621.05","3,746.40","3,673.15","3,664.65","3,669.19","4,361.40","1,788.65","1,024,258","3,758,201,137.40","66,792"
564,12-Mar-2021,EQ,"3,878.00","3,878.00","3,734.80","3,867.55","3,751.00","3,746.40","3,791.12","4,361.40","1,788.65","1,119,478","4,244,080,880.25","69,439"
565,10-Mar-2021,EQ,"3,820.00","3,879.00","3,802.00","3,798.75","3,872.00","3,867.55","3,849.76","4,361.40","1,788.65","545,219","2,098,964,391.10","45,525"
566,09-Mar-2021,EQ,"3,802.20","3,829.70","3,776.00","3,798.75","3,795.70","3,798.75","3,795.46","4,361.40","1,788.65","526,071","1,996,679,020.70","47,585"
567,08-Mar-2021,EQ,"3,848.00","3,848.00","3,770.00","3,852.85","3,794.95","3,798.75","3,806.33","4,361.40","1,788.65","818,275","3,114,623,291.50","44,840"
568,05-Mar-2021,EQ,"3,852.10","3,913.25","3,821.75","3,879.05","3,854.85","3,852.85","3,865.03","4,361.40","1,788.65","719,936","2,782,576,535.55","50,386"
569,04-Mar-2021,EQ,"3,875.00","3,927.60","3,841.00","3,901.10","3,878.00","3,879.05","3,891.05","4,361.40","1,788.65","611,769","2,380,425,643.90","39,862"
570,03-Mar-2021,EQ,"3,985.00","3,985.00","3,863.60","3,944.05","3,897.95","3,901.10","3,894.76","4,361.40","1,788.65","615,104","2,395,684,088.50","42,094"
571,02-Mar-2021,EQ,"3,822.00","3,962.15","3,781.50","3,814.05","3,950.55","3,944.05","3,889.69","4,361.40","1,788.65","735,847","2,862,217,989.00","51,272"
572,01-Mar-2021,EQ,"3,798.70","3,858.80","3,751.00","3,798.70","3,822.00","3,814.05","3,806.43","4,361.40","1,788.65","724,589","2,758,094,935.80","55,226"
573,26-Feb-2021,EQ,"3,910.50","3,943.10","3,773.05","3,944.80","3,783.90","3,798.70","3,856.86","4,361.40","1,788.65","732,210","2,824,029,002.85","48,162"
574,25-Feb-2021,EQ,"3,936.00","3,980.00","3,910.05","3,931.85","3,953.50","3,944.80","3,952.32","4,361.40","1,788.65","632,973","2,501,709,425.25","49,479"
575,24-Feb-2021,EQ,"3,927.00","3,950.00","3,855.35","3,912.25","3,936.95","3,931.85","3,912.12","4,361.40","1,788.65","399,843","1,564,233,608.70","30,579"
576,23-Feb-2021,EQ,"3,952.00","3,998.70","3,890.20","3,971.55","3,914.25","3,912.25","3,928.55","4,361.40","1,788.65","802,871","3,154,121,942.05","48,349"
577,22-Feb-2021,EQ,"4,010.00","4,040.00","3,926.85","4,001.10","3,946.50","3,971.55","3,977.81","4,361.40","1,788.65","762,310","3,032,326,430.30","59,891"
578,19-Feb-2021,EQ,"4,106.00","4,106.70","3,977.20","4,115.45","4,002.00","4,001.10","4,016.65","4,361.40","1,788.65","762,200","3,061,488,168.50","53,406"
579,18-Feb-2021,EQ,"4,200.00","4,200.00","4,102.10","4,165.70","4,106.00","4,115.45","4,149.64","4,361.40","1,788.65","440,460","1,827,750,339.25","43,567"
580,17-Feb-2021,EQ,"4,117.00","4,205.00","4,111.00","4,132.85","4,156.35","4,165.70","4,162.24","4,361.40","1,788.65","554,383","2,307,475,584.95","34,340"
581,16-Feb-2021,EQ,"4,130.00","4,177.60","4,124.00","4,122.30","4,143.75","4,132.85","4,146.38","4,361.40","1,788.65","318,280","1,319,709,644.05","25,570"
582,15-Feb-2021,EQ,"4,152.20","4,194.65","4,111.65","4,136.05","4,129.00","4,122.30","4,150.95","4,361.40","1,788.65","287,922","1,195,150,758.95","20,745"
583,12-Feb-2021,EQ,"4,179.00","4,195.80","4,117.00","4,181.90","4,139.00","4,136.05","4,150.66","4,361.40","1,788.65","360,063","1,494,498,083.90","26,355"
584,11-Feb-2021,EQ,"4,155.00","4,202.40","4,126.45","4,151.55","4,179.80","4,181.90","4,178.80","4,361.40","1,788.65","546,983","2,285,733,251.85","31,317"
585,10-Feb-2021,EQ,"4,160.00","4,215.00","4,100.10","4,154.90","4,154.00","4,151.55","4,140.97","4,361.40","1,788.65","989,105","4,095,855,293.15","62,050"
586,09-Feb-2021,EQ,"4,228.40","4,238.00","4,145.00","4,237.45","4,160.00","4,154.90","4,188.69","4,361.40","1,788.65","721,336","3,021,454,801.85","44,863"
587,08-Feb-2021,EQ,"4,231.45","4,258.50","4,195.00","4,231.25","4,228.40","4,237.45","4,227.75","4,361.40","1,788.65","616,236","2,605,292,454.75","56,538"
588,05-Feb-2021,EQ,"4,260.00","4,272.80","4,161.00","4,223.50","4,220.15","4,231.25","4,219.38","4,361.40","1,788.65","729,191","3,076,731,213.45","51,831"
589,04-Feb-2021,EQ,"4,236.35","4,361.40","4,200.00","4,236.35","4,234.80","4,223.50","4,260.50","4,361.40","1,788.65","1,163,598","4,957,507,320.05","80,560"
590,03-Feb-2021,EQ,"4,205.00","4,259.15","4,160.10","4,201.45","4,236.00","4,236.35","4,226.67","4,271.15","1,788.65","681,937","2,882,319,591.80","54,003"
591,02-Feb-2021,EQ,"4,155.80","4,271.15","4,117.25","4,114.70","4,205.00","4,201.45","4,192.41","4,271.15","1,788.65","1,167,922","4,896,411,547.05","77,031"
592,01-Feb-2021,EQ,"4,064.00","4,141.00","3,975.05","4,005.80","4,134.00","4,114.70","4,062.37","4,236.65","1,788.65","745,011","3,026,509,211.05","52,946"
593,29-Jan-2021,EQ,"4,168.00","4,205.35","3,990.00","4,135.80","4,023.00","4,005.80","4,096.45","4,236.65","1,788.65","1,406,268","5,760,706,271.85","82,243"
594,28-Jan-2021,EQ,"4,080.00","4,190.00","4,076.60","4,146.35","4,150.00","4,135.80","4,150.61","4,236.65","1,788.65","1,262,871","5,241,684,012.70","69,278"
595,27-Jan-2021,EQ,"4,133.40","4,236.65","4,108.10","4,168.95","4,130.00","4,146.35","4,178.57","4,236.65","1,788.65","2,062,088","8,616,570,910.55","116,044"
596,25-Jan-2021,EQ,"4,150.00","4,210.00","4,060.00","4,089.50","4,165.00","4,168.95","4,143.63","4,210.00","1,788.65","2,368,224","9,813,036,230.45","138,219"
597,22-Jan-2021,EQ,"3,749.95","4,130.00","3,740.05","3,703.30","4,119.25","4,089.50","4,025.43","4,130.00","1,788.65","8,537,143","34,365,651,303.05","398,043"
598,21-Jan-2021,EQ,"3,672.00","3,807.00","3,655.20","3,643.95","3,727.35","3,703.30","3,734.71","3,807.00","1,788.65","1,533,886","5,728,625,996.85","90,861"
599,20-Jan-2021,EQ,"3,640.00","3,692.80","3,629.35","3,641.00","3,640.00","3,643.95","3,663.57","3,692.80","1,788.65","549,040","2,011,448,867.55","34,622"
600,19-Jan-2021,EQ,"3,565.75","3,664.00","3,561.10","3,563.75","3,629.00","3,641.00","3,627.65","3,664.00","1,788.65","586,410","2,127,291,083.25","34,510"
601,18-Jan-2021,EQ,"3,552.00","3,618.05","3,505.00","3,580.30","3,565.00","3,563.75","3,561.64","3,658.65","1,788.65","602,004","2,144,121,113.75","40,673"
602,15-Jan-2021,EQ,"3,588.00","3,623.00","3,541.00","3,576.05","3,581.00","3,580.30","3,590.29","3,658.65","1,788.65","684,649","2,458,087,402.55","38,112"
603,14-Jan-2021,EQ,"3,600.00","3,658.65","3,545.00","3,600.90","3,572.15","3,576.05","3,595.75","3,658.65","1,788.65","743,848","2,674,693,466.85","39,881"
604,13-Jan-2021,EQ,"3,624.25","3,633.00","3,577.00","3,624.25","3,600.00","3,600.90","3,602.58","3,642.80","1,788.65","515,154","1,855,883,614.75","34,729"
605,12-Jan-2021,EQ,"3,611.95","3,642.80","3,558.10","3,617.35","3,607.30","3,624.25","3,609.95","3,642.80","1,788.65","863,270","3,116,358,005.40","59,466"
606,11-Jan-2021,EQ,"3,531.00","3,634.55","3,521.00","3,529.15","3,624.40","3,617.35","3,571.60","3,634.55","1,788.65","788,461","2,816,064,374.15","46,374"
607,08-Jan-2021,EQ,"3,469.00","3,544.60","3,438.05","3,437.95","3,527.55","3,529.15","3,501.36","3,544.60","1,788.65","675,643","2,365,669,131.30","42,080"
608,07-Jan-2021,EQ,"3,500.00","3,507.35","3,428.25","3,462.70","3,444.00","3,437.95","3,457.25","3,528.00","1,788.65","531,361","1,837,050,067.55","30,706"
609,06-Jan-2021,EQ,"3,492.65","3,527.00","3,435.90","3,492.65","3,462.35","3,462.70","3,491.80","3,528.00","1,788.65","591,620","2,065,819,356.50","43,881"
610,05-Jan-2021,EQ,"3,500.25","3,505.00","3,475.00","3,522.45","3,490.20","3,492.65","3,487.45","3,528.00","1,788.65","561,562","1,958,419,456.75","36,281"
611,04-Jan-2021,EQ,"3,490.00","3,528.00","3,465.00","3,481.25","3,515.00","3,522.45","3,499.93","3,528.00","1,788.65","647,829","2,267,353,540.55","37,592"
612,01-Jan-2021,EQ,"3,446.00","3,494.00","3,446.00","3,444.05","3,479.00","3,481.25","3,468.09","3,494.00","1,788.65","421,643","1,462,293,995.70","23,426"
613,31-Dec-2020,EQ,"3,464.95","3,464.95","3,426.85","3,448.15","3,435.00","3,444.05","3,445.95","3,472.85","1,788.65","410,959","1,416,146,156.35","30,828"
614,30-Dec-2020,EQ,"3,437.20","3,472.85","3,405.25","3,431.55","3,445.10","3,448.15","3,447.74","3,472.85","1,788.65","639,180","2,203,725,390.35","39,108"
615,29-Dec-2020,EQ,"3,433.00","3,459.90","3,420.05","3,414.70","3,434.50","3,431.55","3,437.64","3,459.90","1,788.65","682,613","2,346,578,418.70","41,359"
616,28-Dec-2020,EQ,"3,388.00","3,422.00","3,374.00","3,374.75","3,420.00","3,414.70","3,406.20","3,423.55","1,788.65","536,954","1,828,975,151.10","32,976"
617,24-Dec-2020,EQ,"3,318.00","3,423.55","3,316.05","3,309.65","3,365.20","3,374.75","3,386.71","3,423.55","1,788.65","1,567,636","5,309,136,293.90","77,876"
618,23-Dec-2020,EQ,"3,281.00","3,318.95","3,261.00","3,265.30","3,315.00","3,309.65","3,295.40","3,384.75","1,788.65","816,586","2,690,973,761.05","48,600"
619,22-Dec-2020,EQ,"3,245.00","3,285.00","3,172.00","3,238.25","3,270.00","3,265.30","3,245.89","3,384.75","1,788.65","825,331","2,678,931,699.30","47,244"
620,21-Dec-2020,EQ,"3,352.50","3,355.00","3,198.50","3,347.55","3,227.80","3,238.25","3,304.41","3,384.75","1,788.65","797,760","2,636,124,543.70","47,575"
621,18-Dec-2020,EQ,"3,275.90","3,363.00","3,270.90","3,270.45","3,352.20","3,347.55","3,329.92","3,384.75","1,788.65","1,362,381","4,536,617,501.00","64,107"
622,17-Dec-2020,EQ,"3,307.10","3,330.00","3,258.00","3,303.50","3,264.85","3,270.45","3,278.58","3,384.75","1,788.65","678,073","2,223,119,480.00","56,234"
623,16-Dec-2020,EQ,"3,289.00","3,308.45","3,252.00","3,271.65","3,307.00","3,303.50","3,289.31","3,384.75","1,788.65","616,704","2,028,533,476.35","34,755"
624,15-Dec-2020,EQ,"3,284.00","3,347.20","3,262.00","3,289.00","3,271.00","3,271.65","3,297.45","3,384.75","1,788.65","746,643","2,462,019,121.05","46,437"
625,14-Dec-2020,EQ,"3,327.65","3,334.55","3,265.00","3,327.65","3,288.00","3,289.00","3,291.88","3,384.75","1,788.65","425,416","1,400,417,671.80","30,515"
626,11-Dec-2020,EQ,"3,295.60","3,337.15","3,285.55","3,290.85","3,317.65","3,327.65","3,315.06","3,384.75","1,788.65","611,154","2,026,012,476.90","37,424"
627,10-Dec-2020,EQ,"3,306.20","3,319.95","3,272.05","3,306.55","3,295.00","3,290.85","3,296.11","3,384.75","1,788.65","469,288","1,546,824,627.35","32,215"
628,09-Dec-2020,EQ,"3,335.00","3,353.65","3,300.00","3,326.20","3,307.60","3,306.55","3,321.59","3,384.75","1,788.65","397,850","1,321,493,570.80","26,304"
629,08-Dec-2020,EQ,"3,320.00","3,384.75","3,300.55","3,319.55","3,334.15","3,326.20","3,342.83","3,384.75","1,788.65","823,352","2,752,325,762.40","50,781"
630,07-Dec-2020,EQ,"3,311.40","3,335.00","3,267.80","3,311.40","3,320.00","3,319.55","3,308.68","3,371.20","1,788.65","481,597","1,593,449,423.35","29,005"
631,04-Dec-2020,EQ,"3,298.30","3,344.55","3,288.20","3,294.40","3,311.25","3,311.40","3,313.88","3,371.20","1,788.65","739,106","2,449,311,066.95","36,114"
632,03-Dec-2020,EQ,"3,368.70","3,371.20","3,281.00","3,338.15","3,298.30","3,294.40","3,307.47","3,371.20","1,788.65","965,142","3,192,177,907.60","47,341"
633,02-Dec-2020,EQ,"3,243.65","3,348.00","3,221.50","3,243.65","3,326.80","3,338.15","3,308.27","3,348.00","1,788.65","1,707,284","5,648,163,738.00","74,954"
634,01-Dec-2020,EQ,"3,175.10","3,248.95","3,161.00","3,173.55","3,242.00","3,243.65","3,213.44","3,315.15","1,788.65","1,400,851","4,501,554,577.30","73,123"
635,27-Nov-2020,EQ,"3,144.90","3,249.00","3,135.70","3,129.20","3,170.25","3,173.55","3,204.30","3,315.15","1,788.65","2,548,347","8,165,657,154.95","93,783"
636,26-Nov-2020,EQ,"3,053.00","3,150.00","3,053.00","3,051.25","3,145.00","3,129.20","3,096.73","3,315.15","1,788.65","1,264,680","3,916,374,374.95","60,615"
637,25-Nov-2020,EQ,"3,100.00","3,160.00","3,041.00","3,095.70","3,045.00","3,051.25","3,112.04","3,315.15","1,788.65","1,219,151","3,794,048,719.20","64,380"
638,24-Nov-2020,EQ,"3,077.00","3,122.00","3,053.00","3,077.75","3,094.90","3,095.70","3,096.37","3,315.15","1,788.65","858,928","2,659,556,868.85","53,118"
639,23-Nov-2020,EQ,"3,068.00","3,085.00","3,030.60","3,058.55","3,072.70","3,077.75","3,062.45","3,315.15","1,788.65","493,600","1,511,627,326.10","23,310"
640,20-Nov-2020,EQ,"3,033.00","3,085.00","3,022.00","3,034.25","3,059.00","3,058.55","3,054.92","3,315.15","1,788.65","820,220","2,505,706,389.95","34,444"
641,19-Nov-2020,EQ,"3,033.00","3,056.50","3,010.00","3,037.90","3,027.80","3,034.25","3,035.14","3,315.15","1,788.65","888,406","2,696,436,367.60","33,727"
642,18-Nov-2020,EQ,"3,055.80","3,055.80","3,003.90","3,045.15","3,033.00","3,037.90","3,024.32","3,315.15","1,788.65","455,293","1,376,949,740.75","24,583"
643,17-Nov-2020,EQ,"3,034.00","3,048.90","2,996.45","3,041.90","3,041.20","3,045.15","3,025.87","3,315.15","1,788.65","501,135","1,516,366,884.85","25,559"
644,14-Nov-2020,EQ,"3,055.65","3,065.00","3,030.00","3,040.75","3,032.80","3,041.90","3,048.20","3,315.15","1,788.65","59,697","181,968,491.10","4,175"
645,13-Nov-2020,EQ,"3,010.00","3,048.00","2,995.60","3,017.45","3,040.85","3,040.75","3,031.12","3,315.15","1,788.65","557,563","1,690,040,880.60","26,756"
646,12-Nov-2020,EQ,"3,025.00","3,040.90","2,996.25","3,023.10","3,015.70","3,017.45","3,018.23","3,315.15","1,788.65","646,257","1,950,552,939.10","47,670"
647,11-Nov-2020,EQ,"3,017.70","3,040.00","2,986.55","2,997.50","3,016.40","3,023.10","3,019.21","3,315.15","1,788.65","782,511","2,362,568,245.95","55,897"
648,10-Nov-2020,EQ,"3,015.00","3,022.50","2,967.00","3,001.95","2,997.25","2,997.50","2,992.72","3,315.15","1,788.65","664,054","1,987,328,320.25","37,340"
649,09-Nov-2020,EQ,"2,990.00","3,022.00","2,980.00","2,977.40","2,998.00","3,001.95","3,000.70","3,315.15","1,788.65","550,477","1,651,815,269.65","37,732"
650,06-Nov-2020,EQ,"2,960.00","3,000.00","2,955.00","2,949.30","2,972.70","2,977.40","2,979.98","3,315.15","1,788.65","889,565","2,650,890,144.15","44,452"
651,05-Nov-2020,EQ,"2,951.00","2,970.00","2,927.00","2,926.10","2,966.00","2,949.30","2,944.08","3,315.15","1,788.65","507,235","1,493,342,784.15","28,691"
652,04-Nov-2020,EQ,"2,905.00","2,947.75","2,882.40","2,914.85","2,930.00","2,926.10","2,913.04","3,315.15","1,788.65","710,858","2,070,757,294.20","35,789"
653,03-Nov-2020,EQ,"2,855.20","2,929.95","2,855.20","2,843.70","2,915.35","2,914.85","2,903.20","3,315.15","1,788.65","951,287","2,761,776,726.95","47,523"
654,02-Nov-2020,EQ,"2,918.00","2,934.85","2,822.45","2,886.90","2,848.00","2,843.70","2,853.09","3,315.15","1,788.65","926,407","2,643,123,892.65","54,427"
655,30-Oct-2020,EQ,"2,940.00","2,963.20","2,880.10","2,925.35","2,882.30","2,886.90","2,917.30","3,315.15","1,788.65","722,940","2,109,032,336.95","44,676"
656,29-Oct-2020,EQ,"2,918.95","2,934.00","2,885.00","2,944.05","2,921.10","2,925.35","2,914.29","3,315.15","1,788.65","714,821","2,083,199,127.60","36,407"
657,28-Oct-2020,EQ,"2,947.00","2,967.00","2,890.20","2,947.35","2,932.90","2,944.05","2,935.07","3,315.15","1,788.65","1,197,897","3,515,908,821.15","52,649"
658,27-Oct-2020,EQ,"2,910.00","2,972.25","2,853.05","2,895.15","2,942.50","2,947.35","2,929.83","3,315.15","1,788.65","1,812,330","5,309,811,969.90","75,948"
659,26-Oct-2020,EQ,"3,097.95","3,113.75","2,885.00","3,082.25","2,897.00","2,895.15","2,955.29","3,315.15","1,788.65","2,140,237","6,325,027,313.20","107,879"
660,23-Oct-2020,EQ,"3,030.00","3,095.50","2,997.15","3,006.20","3,090.00","3,082.25","3,050.95","3,315.15","1,788.65","1,217,666","3,715,041,023.85","55,756"
661,22-Oct-2020,EQ,"3,009.80","3,039.45","2,977.00","3,018.00","2,996.55","3,006.20","3,008.93","3,315.15","1,788.65","1,701,072","5,118,398,717.50","92,286"
662,21-Oct-2020,EQ,"3,030.00","3,039.15","2,992.05","3,004.20","3,020.15","3,018.00","3,021.00","3,315.15","1,788.65","982,020","2,966,680,187.70","39,732"
663,20-Oct-2020,EQ,"2,980.00","3,018.55","2,957.00","2,980.00","3,004.05","3,004.20","3,001.64","3,315.15","1,788.65","899,774","2,700,801,530.75","45,762"
664,19-Oct-2020,EQ,"3,070.00","3,071.95","2,970.20","3,044.75","2,986.00","2,980.00","3,006.81","3,315.15","1,788.65","598,292","1,798,952,229.20","32,611"
665,16-Oct-2020,EQ,"3,030.00","3,092.00","3,029.00","3,027.40","3,051.55","3,044.75","3,058.15","3,315.15","1,788.65","548,793","1,678,293,959.10","27,417"
666,15-Oct-2020,EQ,"3,059.95","3,130.00","3,019.45","3,054.15","3,024.00","3,027.40","3,078.35","3,315.15","1,788.65","1,076,100","3,312,616,725.95","54,349"
667,14-Oct-2020,EQ,"3,037.95","3,075.00","3,020.00","3,034.45","3,049.00","3,054.15","3,054.92","3,315.15","1,788.65","822,555","2,512,839,031.70","40,969"
668,13-Oct-2020,EQ,"3,025.00","3,051.10","2,996.20","3,022.75","3,039.60","3,034.45","3,032.35","3,315.15","1,788.65","456,767","1,385,077,257.45","24,486"
669,12-Oct-2020,EQ,"3,051.00","3,074.65","3,011.10","3,059.80","3,018.50","3,022.75","3,037.74","3,315.15","1,788.65","632,718","1,922,035,785.50","29,847"
670,09-Oct-2020,EQ,"3,080.00","3,097.65","3,027.60","3,074.55","3,059.65","3,059.80","3,053.56","3,315.15","1,788.65","698,670","2,133,432,155.80","38,913"
671,08-Oct-2020,EQ,"3,070.00","3,110.80","3,051.00","3,077.40","3,074.35","3,074.55","3,079.33","3,315.15","1,788.65","1,009,344","3,108,099,098.80","53,235"
672,07-Oct-2020,EQ,"2,975.00","3,097.95","2,954.55","2,972.25","3,080.00","3,077.40","3,048.30","3,315.15","1,788.65","2,126,267","6,481,493,907.80","85,686"
673,06-Oct-2020,EQ,"2,985.00","2,993.00","2,951.00","2,952.30","2,975.00","2,972.25","2,970.54","3,315.15","1,788.65","678,723","2,016,173,535.10","30,718"
674,05-Oct-2020,EQ,"3,016.40","3,020.00","2,930.05","2,985.40","2,946.00","2,952.30","2,963.14","3,315.15","1,788.65","904,981","2,681,588,542.05","46,603"
675,01-Oct-2020,EQ,"2,940.00","3,113.95","2,940.00","2,881.10","2,999.00","2,985.40","3,038.64","3,315.15","1,788.65","4,741,959","14,409,116,992.90","162,192"
676,30-Sep-2020,EQ,"2,897.55","2,939.00","2,870.00","2,897.50","2,878.00","2,881.10","2,901.78","3,315.15","1,788.65","1,095,715","3,179,523,108.00","54,982"
677,29-Sep-2020,EQ,"2,992.70","3,011.00","2,890.00","2,966.35","2,901.00","2,897.50","2,937.60","3,315.15","1,788.65","1,189,292","3,493,661,333.80","60,885"
678,28-Sep-2020,EQ,"2,976.90","3,022.30","2,952.85","2,957.40","2,964.00","2,966.35","2,983.44","3,315.15","1,788.65","902,239","2,691,777,861.25","36,617"
679,25-Sep-2020,EQ,"2,954.95","2,998.50","2,926.05","2,931.85","2,961.00","2,957.40","2,953.40","3,315.15","1,788.65","559,314","1,651,876,512.95","28,586"
680,24-Sep-2020,EQ,"2,964.90","3,001.90","2,912.80","2,986.20","2,922.00","2,931.85","2,942.38","3,315.15","1,788.65","736,921","2,168,301,733.60","36,345"
681,23-Sep-2020,EQ,"2,993.00","3,047.60","2,955.00","2,985.85","2,985.00","2,986.20","2,991.67","3,315.15","1,788.65","949,255","2,839,859,300.50","42,479"
682,22-Sep-2020,EQ,"2,984.20","3,009.45","2,942.10","2,986.70","2,982.00","2,985.85","2,979.66","3,315.15","1,788.65","690,801","2,058,352,366.00","36,403"
683,21-Sep-2020,EQ,"3,045.95","3,045.95","2,960.10","3,050.95","2,962.20","2,986.70","2,998.38","3,315.15","1,788.65","779,499","2,337,231,895.90","44,875"
684,18-Sep-2020,EQ,"3,023.10","3,070.00","2,996.00","3,019.20","3,038.90","3,050.95","3,025.94","3,315.15","1,788.65","937,014","2,835,349,222.70","48,462"
685,17-Sep-2020,EQ,"3,015.00","3,029.95","2,985.25","3,037.95","3,023.10","3,019.20","3,004.20","3,315.15","1,788.65","687,069","2,064,095,153.55","45,261"
686,16-Sep-2020,EQ,"2,942.50","3,049.00","2,937.40","2,937.35","3,040.65","3,037.95","3,021.86","3,315.15","1,788.65","1,865,979","5,638,729,026.35","78,723"
687,15-Sep-2020,EQ,"2,957.40","2,960.00","2,921.05","2,957.70","2,942.50","2,937.35","2,938.35","3,315.15","1,788.65","632,578","1,858,733,895.40","26,554"
688,14-Sep-2020,EQ,"2,922.00","2,988.00","2,895.00","2,916.35","2,939.00","2,957.70","2,953.75","3,315.15","1,788.65","1,185,693","3,502,244,788.75","49,917"
689,11-Sep-2020,EQ,"2,914.00","2,941.95","2,903.90","2,914.70","2,916.00","2,916.35","2,922.08","3,315.15","1,788.65","683,992","1,998,679,640.35","32,776"
690,10-Sep-2020,EQ,"2,917.10","2,924.35","2,871.50","2,910.15","2,913.00","2,914.70","2,897.24","3,315.15","1,788.65","686,071","1,987,714,779.90","37,989"
691,09-Sep-2020,EQ,"2,875.00","2,921.70","2,852.00","2,901.75","2,913.75","2,910.15","2,882.53","3,315.15","1,788.65","677,328","1,952,421,418.65","34,125"
692,08-Sep-2020,EQ,"2,899.95","2,918.00","2,866.25","2,898.20","2,900.00","2,901.75","2,893.19","3,315.15","1,788.65","798,195","2,309,332,611.70","37,823"
693,07-Sep-2020,EQ,"2,898.35","2,906.85","2,830.05","2,883.20","2,903.00","2,898.20","2,875.08","3,315.15","1,788.65","807,657","2,322,077,111.20","44,137"
694,04-Sep-2020,EQ,"2,880.00","2,926.10","2,840.00","2,896.40","2,890.00","2,883.20","2,885.20","3,315.15","1,788.65","1,499,418","4,326,123,687.55","66,254"
695,03-Sep-2020,EQ,"2,909.05","2,923.70","2,886.05","2,880.55","2,900.00","2,896.40","2,904.07","3,315.15","1,788.65","785,731","2,281,817,441.65","44,288"
696,02-Sep-2020,EQ,"2,950.00","2,969.70","2,847.05","2,958.40","2,893.00","2,880.55","2,892.46","3,315.15","1,788.65","1,946,354","5,629,747,657.55","90,147"
697,01-Sep-2020,EQ,"2,947.00","3,004.00","2,930.00","2,967.00","2,960.00","2,958.40","2,961.67","3,315.15","1,788.65","755,670","2,238,042,313.35","37,188"
698,31-Aug-2020,EQ,"3,025.00","3,029.00","2,946.10","3,014.15","2,959.20","2,967.00","2,974.91","3,315.15","1,788.65","2,787,056","8,291,238,124.95","107,676"
699,28-Aug-2020,EQ,"3,044.00","3,062.45","3,002.00","3,043.00","3,025.00","3,014.15","3,033.39","3,315.15","1,788.65","679,405","2,060,903,248.80","40,287"
700,27-Aug-2020,EQ,"3,082.20","3,088.75","3,025.20","3,082.20","3,043.10","3,043.00","3,043.23","3,315.15","1,788.65","711,504","2,165,271,251.70","41,025"
701,26-Aug-2020,EQ,"3,080.05","3,138.00","3,071.30","3,009.40","3,077.00","3,082.20","3,106.60","3,315.15","1,788.65","2,026,051","6,294,127,470.35","89,295"
702,25-Aug-2020,EQ,"3,054.40","3,054.40","2,991.70","3,039.35","3,013.40","3,009.40","3,015.67","3,315.15","1,788.65","652,358","1,967,294,113.00","37,247"
703,24-Aug-2020,EQ,"3,062.90","3,096.00","3,026.75","3,053.15","3,037.05","3,039.35","3,070.51","3,315.15","1,788.65","562,548","1,727,311,471.70","31,963"
704,21-Aug-2020,EQ,"3,062.00","3,075.00","3,038.00","3,036.95","3,056.55","3,053.15","3,057.15","3,315.15","1,788.65","395,723","1,209,785,970.60","26,371"
705,20-Aug-2020,EQ,"3,059.00","3,065.00","3,025.35","3,059.80","3,037.00","3,036.95","3,044.51","3,315.15","1,788.65","563,069","1,714,269,399.85","29,134"
706,19-Aug-2020,EQ,"3,110.00","3,159.00","3,048.75","3,104.80","3,067.50","3,059.80","3,106.14","3,315.15","1,788.65","953,142","2,960,590,005.60","46,824"
707,18-Aug-2020,EQ,"3,124.00","3,147.00","3,093.00","3,115.60","3,102.15","3,104.80","3,124.97","3,315.15","1,788.65","825,812","2,580,640,916.55","51,449"
708,17-Aug-2020,EQ,"3,014.00","3,126.00","2,992.00","2,987.55","3,117.00","3,115.60","3,088.29","3,315.15","1,788.65","1,577,193","4,870,823,854.10","72,017"
709,14-Aug-2020,EQ,"3,022.00","3,028.25","2,976.00","3,017.95","2,981.00","2,987.55","3,001.98","3,315.15","1,788.65","542,458","1,628,449,870.90","34,219"
710,13-Aug-2020,EQ,"3,040.00","3,040.00","3,000.00","3,023.00","3,022.80","3,017.95","3,017.07","3,315.15","1,788.65","462,333","1,394,892,392.30","23,240"
711,12-Aug-2020,EQ,"3,007.45","3,035.00","2,982.50","3,007.45","3,032.05","3,023.00","3,011.50","3,315.15","1,788.65","489,281","1,473,471,320.35","23,092"
712,11-Aug-2020,EQ,"3,020.80","3,060.00","2,995.75","2,993.80","3,003.00","3,007.45","3,029.37","3,315.15","1,788.65","696,792","2,110,840,642.70","35,952"
713,10-Aug-2020,EQ,"3,001.70","3,025.00","2,971.00","3,001.70","2,989.85","2,993.80","2,997.61","3,315.15","1,788.65","442,147","1,325,382,622.45","24,168"
714,07-Aug-2020,EQ,"2,991.80","3,019.00","2,975.00","2,991.80","3,001.95","3,001.70","3,000.46","3,315.15","1,788.65","515,513","1,546,774,777.80","27,604"
715,06-Aug-2020,EQ,"3,024.80","3,075.00","2,976.40","3,009.00","2,999.00","2,991.80","3,012.11","3,315.15","1,788.65","853,222","2,569,998,246.20","43,010"
716,05-Aug-2020,EQ,"2,986.20","3,035.45","2,972.00","2,969.95","3,016.05","3,009.00","3,004.49","3,315.15","1,788.65","678,315","2,037,993,627.90","35,859"
717,04-Aug-2020,EQ,"2,939.00","2,999.00","2,922.05","2,917.45","2,966.35","2,969.95","2,963.51","3,315.15","1,788.65","706,322","2,093,193,334.05","39,592"
718,03-Aug-2020,EQ,"2,990.00","3,069.90","2,910.00","3,004.95","2,927.10","2,917.45","2,971.20","3,315.15","1,788.65","1,246,031","3,702,202,321.85","65,012"
719,31-Jul-2020,EQ,"3,068.85","3,077.90","2,991.60","3,048.95","3,000.00","3,004.95","3,022.82","3,315.15","1,788.65","561,196","1,696,393,602.75","35,568"
720,30-Jul-2020,EQ,"3,110.00","3,129.95","3,039.35","3,099.30","3,045.00","3,048.95","3,084.74","3,315.15","1,788.65","570,178","1,758,853,647.50","32,290"
721,29-Jul-2020,EQ,"3,127.05","3,149.00","3,080.85","3,119.35","3,093.90","3,099.30","3,113.56","3,315.15","1,788.65","582,910","1,814,925,539.10","31,504"
722,28-Jul-2020,EQ,"3,021.00","3,130.00","3,018.00","3,020.50","3,127.00","3,119.35","3,094.52","3,315.15","1,788.65","1,263,659","3,910,413,648.05","60,783"
723,27-Jul-2020,EQ,"2,990.00","3,035.00","2,934.05","2,985.50","3,015.00","3,020.50","2,988.33","3,315.15","1,788.65","621,962","1,858,630,485.90","42,852"
724,24-Jul-2020,EQ,"3,030.00","3,030.00","2,978.00","3,032.10","2,985.00","2,985.50","3,003.03","3,315.15","1,788.65","543,609","1,632,476,021.15","30,088"
725,23-Jul-2020,EQ,"2,965.00","3,050.00","2,939.65","2,985.40","3,037.30","3,032.10","2,998.32","3,315.15","1,788.65","1,057,191","3,169,799,507.25","49,546"
726,22-Jul-2020,EQ,"3,011.00","3,030.15","2,906.55","3,004.30","2,981.20","2,985.40","2,969.41","3,315.15","1,788.65","2,050,820","6,089,724,717.45","105,339"
727,21-Jul-2020,EQ,"3,015.00","3,057.00","2,990.00","3,002.55","3,000.95","3,004.30","3,023.65","3,315.15","1,788.65","834,568","2,523,439,824.00","44,043"
728,20-Jul-2020,EQ,"3,001.00","3,020.00","2,974.00","2,995.00","3,010.00","3,002.55","2,997.15","3,315.15","1,788.65","766,793","2,298,189,830.90","42,699"
729,17-Jul-2020,EQ,"2,950.00","3,000.00","2,925.00","2,942.30","2,998.00","2,995.00","2,972.69","3,315.15","1,788.65","687,105","2,042,547,115.45","37,676"
730,16-Jul-2020,EQ,"2,944.00","2,950.00","2,898.90","2,942.05","2,936.00","2,942.30","2,930.65","3,315.15","1,788.65","525,135","1,538,987,412.05","29,200"
731,15-Jul-2020,EQ,"2,915.00","2,955.00","2,900.00","2,899.50","2,940.00","2,942.05","2,927.80","3,315.15","1,788.65","905,351","2,650,684,666.40","38,565"
732,14-Jul-2020,EQ,"2,898.00","2,909.90","2,847.00","2,900.00","2,900.00","2,899.50","2,885.37","3,315.15","1,788.65","612,986","1,768,691,891.95","29,836"
733,13-Jul-2020,EQ,"2,898.90","2,910.00","2,876.80","2,894.70","2,903.10","2,900.00","2,897.73","3,315.15","1,788.65","481,614","1,395,589,088.00","24,826"
734,10-Jul-2020,EQ,"2,875.00","2,915.00","2,856.40","2,882.00","2,888.50","2,894.70","2,892.94","3,315.15","1,788.65","688,374","1,991,423,718.50","36,113"
735,09-Jul-2020,EQ,"2,878.00","2,895.00","2,840.20","2,852.45","2,883.05","2,882.00","2,862.46","3,315.15","1,788.65","700,527","2,005,232,748.00","33,930"
736,08-Jul-2020,EQ,"2,882.00","2,899.00","2,811.60","2,847.15","2,857.05","2,852.45","2,856.09","3,315.15","1,788.65","1,348,820","3,852,351,351.60","63,485"
737,07-Jul-2020,EQ,"2,901.00","2,974.00","2,826.55","2,897.10","2,850.00","2,847.15","2,890.18","3,315.15","1,788.65","2,168,031","6,265,995,904.65","99,272"
738,06-Jul-2020,EQ,"2,942.05","2,946.00","2,884.00","2,932.40","2,901.00","2,897.10","2,901.45","3,315.15","1,788.65","1,126,391","3,268,163,202.70","54,165"
739,03-Jul-2020,EQ,"2,899.00","2,960.00","2,887.60","2,879.35","2,935.05","2,932.40","2,930.01","3,315.15","1,788.65","1,394,994","4,087,340,070.05","63,319"
740,02-Jul-2020,EQ,"2,857.90","2,903.45","2,837.10","2,842.05","2,877.25","2,879.35","2,872.16","3,315.15","1,788.65","754,915","2,168,238,934.95","47,861"
741,01-Jul-2020,EQ,"2,838.05","2,872.00","2,828.60","2,826.05","2,837.80","2,842.05","2,847.88","3,315.15","1,788.65","525,801","1,497,418,446.35","28,435"
742,30-Jun-2020,EQ,"2,902.40","2,913.45","2,815.00","2,859.50","2,834.00","2,826.05","2,850.99","3,315.15","1,788.65","751,691","2,143,065,274.10","51,615"
743,29-Jun-2020,EQ,"2,825.00","2,870.00","2,815.00","2,867.60","2,850.00","2,859.50","2,837.36","3,315.15","1,788.65","680,242","1,930,092,641.65","33,904"
744,26-Jun-2020,EQ,"2,853.70","2,900.00","2,825.00","2,820.45","2,860.00","2,867.60","2,868.03","3,315.15","1,788.65","1,227,666","3,520,980,219.45","58,805"
745,25-Jun-2020,EQ,"2,789.80","2,890.00","2,772.70","2,817.25","2,817.00","2,820.45","2,847.35","3,315.15","1,788.65","1,341,923","3,820,925,692.00","74,504"
746,24-Jun-2020,EQ,"2,899.80","2,979.90","2,805.65","2,862.15","2,809.80","2,817.25","2,899.73","3,315.15","1,788.65","1,617,177","4,689,372,224.65","74,569"
747,23-Jun-2020,EQ,"2,890.00","2,910.10","2,844.95","2,855.75","2,867.55","2,862.15","2,875.35","3,315.15","1,788.65","1,089,948","3,133,985,306.45","54,956"
748,22-Jun-2020,EQ,"2,690.00","2,873.95","2,659.55","2,674.35","2,863.90","2,855.75","2,815.00","3,315.15","1,788.65","1,872,879","5,272,149,436.15","102,487"
749,19-Jun-2020,EQ,"2,690.00","2,710.00","2,655.00","2,678.35","2,675.95","2,674.35","2,680.70","3,315.15","1,788.65","929,101","2,490,637,122.80","53,562"
750,18-Jun-2020,EQ,"2,689.45","2,697.15","2,646.15","2,689.45","2,680.00","2,678.35","2,674.90","3,315.15","1,788.65","579,581","1,550,322,404.65","35,240"
751,17-Jun-2020,EQ,"2,718.45","2,737.80","2,674.20","2,718.45","2,692.00","2,689.45","2,699.56","3,315.15","1,788.65","600,389","1,620,783,218.05","35,943"
752,16-Jun-2020,EQ,"2,764.00","2,786.95","2,702.85","2,728.55","2,713.25","2,718.45","2,740.59","3,315.15","1,788.65","611,383","1,675,552,263.35","38,386"
753,15-Jun-2020,EQ,"2,774.00","2,774.00","2,707.95","2,782.15","2,732.10","2,728.55","2,732.43","3,315.15","1,788.65","517,426","1,413,829,643.20","30,367"
754,12-Jun-2020,EQ,"2,610.25","2,799.05","2,610.25","2,718.55","2,797.00","2,782.15","2,721.15","3,315.15","1,788.65","895,713","2,437,368,268.30","43,389"
755,11-Jun-2020,EQ,"2,717.20","2,758.00","2,703.40","2,717.20","2,718.00","2,718.55","2,732.53","3,315.15","1,788.65","661,183","1,806,702,641.60","41,511"
756,10-Jun-2020,EQ,"2,790.20","2,803.95","2,703.35","2,791.15","2,726.00","2,717.20","2,753.45","3,315.15","1,788.65","687,956","1,894,250,253.35","45,163"
757,09-Jun-2020,EQ,"2,805.10","2,814.60","2,766.00","2,801.05","2,780.00","2,791.15","2,789.96","3,315.15","1,788.65","619,517","1,728,425,329.60","42,461"
758,08-Jun-2020,EQ,"2,800.00","2,814.00","2,745.00","2,776.30","2,797.95","2,801.05","2,787.04","3,315.15","1,788.65","727,119","2,026,512,269.25","49,345"
759,05-Jun-2020,EQ,"2,842.00","2,842.90","2,762.00","2,817.25","2,779.00","2,776.30","2,784.27","3,315.15","1,788.65","723,898","2,015,524,589.00","52,409"
760,04-Jun-2020,EQ,"2,778.00","2,833.20","2,756.00","2,783.40","2,814.40","2,817.25","2,799.04","3,315.15","1,788.65","709,467","1,985,827,537.80","45,042"
761,03-Jun-2020,EQ,"2,825.00","2,876.50","2,770.10","2,796.10","2,785.00","2,783.40","2,827.13","3,315.15","1,788.65","750,002","2,120,349,673.25","44,661"
762,02-Jun-2020,EQ,"2,759.90","2,814.25","2,726.20","2,758.30","2,796.25","2,796.10","2,772.50","3,315.15","1,788.65","1,283,508","3,558,528,982.90","69,748"
763,01-Jun-2020,EQ,"2,730.00","2,790.00","2,725.45","2,710.50","2,749.85","2,758.30","2,768.87","3,315.15","1,788.65","1,008,599","2,792,679,302.95","63,964"
764,29-May-2020,EQ,"2,603.00","2,741.00","2,591.25","2,600.00","2,708.00","2,710.50","2,687.49","3,315.15","1,788.65","2,057,709","5,530,075,921.65","82,173"
765,28-May-2020,EQ,"2,588.00","2,619.50","2,450.00","2,580.55","2,603.00","2,600.00","2,593.69","3,315.15","1,788.65","1,087,116","2,819,642,706.80","48,425"
766,27-May-2020,EQ,"2,569.00","2,605.00","2,540.30","2,564.85","2,568.00","2,580.55","2,575.12","3,315.15","1,788.65","563,893","1,452,094,623.45","28,418"
767,26-May-2020,EQ,"2,580.00","2,597.95","2,533.60","2,553.75","2,561.00","2,564.85","2,563.90","3,315.15","1,788.65","686,476","1,760,053,747.35","42,876"
768,22-May-2020,EQ,"2,623.00","2,634.50","2,542.80","2,640.35","2,561.00","2,553.75","2,579.47","3,315.15","1,788.65","1,328,369","3,426,487,988.05","70,668"
769,21-May-2020,EQ,"2,634.50","2,724.20","2,621.25","2,557.75","2,627.00","2,640.35","2,663.30","3,315.15","1,788.65","3,481,431","9,272,094,034.90","182,683"
770,20-May-2020,EQ,"2,496.00","2,580.45","2,477.45","2,509.30","2,556.00","2,557.75","2,530.42","3,315.15","1,788.65","947,445","2,397,431,487.55","75,560"
771,19-May-2020,EQ,"2,518.00","2,555.00","2,486.90","2,477.45","2,510.00","2,509.30","2,512.32","3,315.15","1,788.65","641,588","1,611,875,248.70","42,729"
772,18-May-2020,EQ,"2,650.00","2,653.35","2,461.00","2,663.60","2,477.50","2,477.45","2,527.46","3,315.15","1,788.65","1,172,814","2,964,236,531.85","71,596"
773,15-May-2020,EQ,"2,705.00","2,710.00","2,650.00","2,702.65","2,660.00","2,663.60","2,670.98","3,315.15","1,788.65","645,549","1,724,250,014.50","41,247"
774,14-May-2020,EQ,"2,601.50","2,730.00","2,601.50","2,696.00","2,697.05","2,702.65","2,687.28","3,315.15","1,788.65","893,108","2,400,031,857.35","51,242"
775,13-May-2020,EQ,"2,774.00","2,774.00","2,671.35","2,628.85","2,680.05","2,696.00","2,704.21","3,315.15","1,788.65","1,257,856","3,401,512,029.70","78,239"
776,12-May-2020,EQ,"2,531.00","2,655.90","2,494.25","2,566.30","2,654.00","2,628.85","2,577.13","3,315.15","1,788.65","1,335,103","3,440,739,903.25","83,849"
777,11-May-2020,EQ,"2,430.00","2,624.95","2,428.00","2,419.05","2,560.60","2,566.30","2,555.11","3,315.15","1,788.65","1,627,649","4,158,828,887.60","87,843"
778,08-May-2020,EQ,"2,446.05","2,450.00","2,401.05","2,406.55","2,422.65","2,419.05","2,425.41","3,315.15","1,788.65","455,836","1,105,590,945.95","23,673"
779,07-May-2020,EQ,"2,470.00","2,485.75","2,400.00","2,471.85","2,405.85","2,406.55","2,438.22","3,315.15","1,788.65","422,146","1,029,284,409.60","27,497"
780,06-May-2020,EQ,"2,425.00","2,495.00","2,361.30","2,422.80","2,475.00","2,471.85","2,444.79","3,315.15","1,788.65","778,603","1,903,520,010.60","40,185"
781,05-May-2020,EQ,"2,475.00","2,488.90","2,400.80","2,442.15","2,416.95","2,422.80","2,435.61","3,315.15","1,788.65","663,761","1,616,665,322.20","36,042"
782,04-May-2020,EQ,"2,550.00","2,554.95","2,415.40","2,623.30","2,433.00","2,442.15","2,462.39","3,315.15","1,788.65","574,562","1,414,794,043.20","36,358"
783,30-Apr-2020,EQ,"2,525.10","2,654.00","2,510.15","2,499.15","2,623.80","2,623.30","2,600.82","3,315.15","1,788.65","1,118,713","2,909,570,323.65","69,201"
784,29-Apr-2020,EQ,"2,474.00","2,520.00","2,450.00","2,463.70","2,500.00","2,499.15","2,492.45","3,315.15","1,788.65","525,271","1,309,211,701.55","35,997"
785,28-Apr-2020,EQ,"2,510.85","2,546.40","2,431.35","2,505.75","2,464.80","2,463.70","2,469.42","3,315.15","1,788.65","646,908","1,597,490,042.15","40,098"
786,27-Apr-2020,EQ,"2,470.00","2,551.85","2,453.25","2,445.35","2,499.00","2,505.75","2,504.52","3,315.15","1,788.65","1,128,657","2,826,745,945.00","63,563"
787,24-Apr-2020,EQ,"2,410.00","2,472.00","2,381.00","2,430.65","2,450.00","2,445.35","2,445.05","3,315.15","1,788.65","669,287","1,636,442,215.55","48,857"
788,23-Apr-2020,EQ,"2,379.70","2,446.95","2,368.00","2,379.70","2,425.00","2,430.65","2,413.27","3,315.15","1,788.65","1,179,212","2,845,755,383.80","42,715"
789,22-Apr-2020,EQ,"2,323.25","2,412.10","2,296.10","2,323.25","2,372.10","2,379.70","2,372.42","3,315.15","1,788.65","712,534","1,690,431,076.50","47,759"
790,21-Apr-2020,EQ,"2,344.00","2,354.45","2,295.00","2,378.30","2,325.00","2,323.25","2,320.48","3,315.15","1,788.65","702,627","1,630,429,625.85","40,959"
791,20-Apr-2020,EQ,"2,410.00","2,415.00","2,351.70","2,379.15","2,377.00","2,378.30","2,377.57","3,315.15","1,788.65","427,669","1,016,812,480.70","32,400"
792,17-Apr-2020,EQ,"2,380.00","2,425.05","2,347.05","2,333.55","2,386.90","2,379.15","2,381.23","3,315.15","1,788.65","690,554","1,644,368,168.50","44,460"
793,16-Apr-2020,EQ,"2,330.00","2,365.00","2,264.50","2,335.15","2,330.05","2,333.55","2,319.71","3,315.15","1,788.65","944,581","2,191,152,923.15","59,083"
794,15-Apr-2020,EQ,"2,410.00","2,483.60","2,320.05","2,397.55","2,351.70","2,335.15","2,423.10","3,315.15","1,788.65","986,750","2,390,994,149.00","66,243"
795,13-Apr-2020,EQ,"2,430.15","2,430.15","2,321.75","2,435.95","2,400.05","2,397.55","2,366.13","3,315.15","1,788.65","654,478","1,548,580,923.10","35,598"
796,09-Apr-2020,EQ,"2,290.00","2,524.95","2,289.90","2,241.70","2,436.10","2,435.95","2,435.84","3,315.15","1,788.65","1,788,928","4,357,538,270.05","84,039"
797,08-Apr-2020,EQ,"2,180.00","2,383.45","2,168.55","2,280.05","2,260.00","2,241.70","2,299.11","3,315.15","1,788.65","840,875","1,933,266,167.40","59,866"
798,07-Apr-2020,EQ,"2,065.00","2,303.55","2,065.00","2,033.75","2,270.00","2,280.05","2,175.07","3,315.15","1,788.65","1,069,884","2,327,075,872.95","71,355"
799,03-Apr-2020,EQ,"2,051.10","2,056.30","1,957.55","2,051.10","2,020.00","2,033.75","2,011.09","3,315.15","1,788.65","692,220","1,392,115,954.60","82,281"
800,01-Apr-2020,EQ,"2,000.00","2,095.80","1,990.00","2,022.35","2,043.00","2,051.10","2,040.75","3,315.15","1,788.65","869,738","1,774,915,393.85","72,764"
801,31-Mar-2020,EQ,"2,037.35","2,048.40","1,930.30","1,986.70","2,010.00","2,022.35","2,007.87","3,315.15","1,788.65","762,791","1,531,586,507.60","61,303"
802,30-Mar-2020,EQ,"2,016.00","2,020.80","1,945.05","2,053.45","2,002.00","1,986.70","1,977.34","3,315.15","1,788.65","462,909","915,327,392.60","41,646"
803,27-Mar-2020,EQ,"2,149.00","2,167.00","2,007.15","2,106.85","2,058.65","2,053.45","2,059.82","3,315.15","1,788.65","938,567","1,933,281,333.00","88,966"
804,26-Mar-2020,EQ,"1,998.20","2,133.90","1,934.00","1,946.75","2,078.90","2,106.85","2,069.93","3,315.15","1,788.65","989,242","2,047,661,835.60","79,278"
805,25-Mar-2020,EQ,"1,917.00","1,989.00","1,866.60","1,937.15","1,925.00","1,946.75","1,928.14","3,315.15","1,788.65","606,235","1,168,905,884.80","57,859"
806,24-Mar-2020,EQ,"2,000.00","2,057.90","1,788.65","1,935.55","1,969.10","1,937.15","1,915.45","3,315.15","1,788.65","1,210,613","2,318,866,074.85","78,822"
807,23-Mar-2020,EQ,"2,052.00","2,389.00","1,900.00","2,242.30","1,919.00","1,935.55","1,965.84","3,315.15","1,900.00","797,174","1,567,117,505.10","69,743"
808,20-Mar-2020,EQ,"2,189.90","2,298.90","2,153.95","2,166.60","2,228.20","2,242.30","2,213.63","3,315.15","2,032.35","718,412","1,590,300,791.45","74,170"
809,19-Mar-2020,EQ,"2,119.75","2,377.40","2,032.35","2,169.00","2,186.70","2,166.60","2,198.01","3,315.15","2,032.35","1,010,352","2,220,768,499.45","88,650"
810,18-Mar-2020,EQ,"2,290.00","2,309.90","2,157.15","2,270.45","2,253.00","2,169.00","2,217.99","3,315.15","2,040.00","593,993","1,317,468,113.95","52,797"
811,17-Mar-2020,EQ,"2,345.20","2,372.70","2,250.05","2,339.55","2,270.50","2,270.45","2,304.70","3,315.15","2,040.00","659,035","1,518,876,584.60","39,660"
812,16-Mar-2020,EQ,"2,315.00","2,389.00","2,290.00","2,357.10","2,339.00","2,339.55","2,346.36","3,315.15","2,040.00","963,321","2,260,301,166.85","59,578"
813,13-Mar-2020,EQ,"2,249.00","2,432.45","2,040.00","2,338.90","2,408.90","2,357.10","2,271.44","3,315.15","2,040.00","883,265","2,006,282,188.40","63,177"
814,12-Mar-2020,EQ,"2,519.95","2,535.00","2,319.05","2,591.55","2,352.00","2,338.90","2,408.86","3,315.15","2,319.05","799,317","1,925,439,002.55","65,913"
815,11-Mar-2020,EQ,"2,580.00","2,630.00","2,562.70","2,573.35","2,598.60","2,591.55","2,600.37","3,315.15","2,442.20","641,982","1,669,392,473.70","51,929"
816,09-Mar-2020,EQ,"2,675.00","2,690.00","2,558.60","2,735.05","2,572.00","2,573.35","2,616.54","3,315.15","2,442.20","706,898","1,849,623,719.40","64,191"
817,06-Mar-2020,EQ,"2,640.00","2,758.00","2,620.00","2,703.65","2,745.00","2,735.05","2,683.90","3,315.15","2,442.20","658,891","1,768,394,560.75","49,017"
818,05-Mar-2020,EQ,"2,719.95","2,749.00","2,696.20","2,711.50","2,702.95","2,703.65","2,723.65","3,315.15","2,442.20","384,427","1,047,044,822.90","26,735"
819,04-Mar-2020,EQ,"2,720.00","2,764.50","2,653.50","2,692.25","2,706.00","2,711.50","2,716.91","3,315.15","2,442.20","954,038","2,592,037,175.45","71,202"
820,04-Mar-2020,EQ,"2,720.00","2,764.50","2,653.50","2,692.25","2,706.00","2,711.50","2,716.91","3,315.15","2,442.20","954,038","2,592,037,175.45","71,202"
821,04-Mar-2020,EQ,"2,720.00","2,764.50","2,653.50","2,692.25","2,706.00","2,711.50","2,716.91","3,315.15","2,442.20","954,038","2,592,037,175.45","71,202"
822,04-Mar-2020,EQ,"2,720.00","2,764.50","2,653.50","2,692.25","2,706.00","2,711.50","2,716.91","3,315.15","2,442.20","954,038","2,592,037,175.45","71,202"
823,04-Mar-2020,EQ,"2,720.00","2,764.50","2,653.50","2,692.25","2,706.00","2,711.50","2,716.91","3,315.15","2,442.20","954,038","2,592,037,175.45","71,202"
824,03-Mar-2020,EQ,"2,700.00","2,730.00","2,653.00","2,792.20","2,700.00","2,692.25","2,697.10","3,315.15","2,442.20","1,459,848","3,937,350,943.25","64,846"
825,03-Mar-2020,EQ,"2,700.00","2,730.00","2,653.00","2,792.20","2,700.00","2,692.25","2,697.10","3,315.15","2,442.20","1,459,848","3,937,350,943.25","64,846"
826,03-Mar-2020,EQ,"2,700.00","2,730.00","2,653.00","2,792.20","2,700.00","2,692.25","2,697.10","3,315.15","2,442.20","1,459,848","3,937,350,943.25","64,846"
827,03-Mar-2020,EQ,"2,700.00","2,730.00","2,653.00","2,792.20","2,700.00","2,692.25","2,697.10","3,315.15","2,442.20","1,459,848","3,937,350,943.25","64,846"
828,02-Mar-2020,EQ,"2,920.00","2,944.50","2,772.00","2,890.00","2,797.00","2,792.20","2,825.10","3,315.15","2,442.20","1,281,846","3,621,338,140.00","69,748"
829,28-Feb-2020,EQ,"2,890.00","2,915.00","2,850.45","2,936.60","2,888.00","2,890.00","2,888.98","3,315.15","2,442.20","925,702","2,674,337,075.50","43,040"
830,27-Feb-2020,EQ,"2,944.80","2,969.95","2,913.50","2,946.60","2,935.15","2,936.60","2,945.41","3,315.15","2,442.20","416,726","1,227,430,952.85","32,846"
831,26-Feb-2020,EQ,"2,937.00","2,974.00","2,920.00","2,947.40","2,935.00","2,946.60","2,941.94","3,315.15","2,442.20","445,577","1,310,862,560.35","25,379"
832,25-Feb-2020,EQ,"2,992.00","3,007.00","2,931.00","2,980.50","2,955.00","2,947.40","2,958.41","3,315.15","2,442.20","527,499","1,560,555,785.45","41,447"
833,24-Feb-2020,EQ,"3,077.00","3,084.65","2,970.05","3,065.50","2,978.00","2,980.50","3,017.17","3,315.15","2,442.20","499,562","1,507,264,960.05","36,970"
834,20-Feb-2020,EQ,"3,091.00","3,100.05","3,057.65","3,090.90","3,059.00","3,065.50","3,077.45","3,315.15","2,442.20","256,115","788,180,569.60","25,529"
835,19-Feb-2020,EQ,"3,092.00","3,111.95","3,072.40","3,082.50","3,091.00","3,090.90","3,093.60","3,315.15","2,442.20","220,584","682,397,950.55","14,082"
836,19-Feb-2020,EQ,"3,092.00","3,111.95","3,072.40","3,082.50","3,091.00","3,090.90","3,093.60","3,315.15","2,442.20","220,584","682,397,950.55","14,082"
837,19-Feb-2020,EQ,"3,092.00","3,111.95","3,072.40","3,082.50","3,091.00","3,090.90","3,093.60","3,315.15","2,442.20","220,584","682,397,950.55","14,082"
838,19-Feb-2020,EQ,"3,092.00","3,111.95","3,072.40","3,082.50","3,091.00","3,090.90","3,093.60","3,315.15","2,442.20","220,584","682,397,950.55","14,082"
839,19-Feb-2020,EQ,"3,092.00","3,111.95","3,072.40","3,082.50","3,091.00","3,090.90","3,093.60","3,315.15","2,442.20","220,584","682,397,950.55","14,082"
840,18-Feb-2020,EQ,"3,064.70","3,090.55","3,033.50","3,075.60","3,086.00","3,082.50","3,064.56","3,315.15","2,442.20","337,054","1,032,920,635.15","20,730"
841,17-Feb-2020,EQ,"3,152.55","3,159.45","3,070.00","3,146.40","3,071.95","3,075.60","3,100.65","3,315.15","2,442.20","269,986","837,133,131.75","19,486"
842,14-Feb-2020,EQ,"3,145.00","3,205.00","3,136.80","3,136.40","3,152.60","3,146.40","3,171.77","3,315.15","2,442.20","381,580","1,210,282,359.60","30,267"
843,13-Feb-2020,EQ,"3,149.00","3,172.20","3,120.40","3,146.30","3,130.15","3,136.40","3,144.13","3,315.15","2,442.20","268,031","842,723,152.55","16,457"
844,12-Feb-2020,EQ,"3,164.70","3,184.65","3,136.85","3,145.45","3,158.90","3,146.30","3,161.63","3,315.15","2,442.20","345,354","1,091,880,218.45","23,469"
845,11-Feb-2020,EQ,"3,125.00","3,150.00","3,100.00","3,103.30","3,150.00","3,145.45","3,142.00","3,315.15","2,442.20","274,244","861,675,477.20","21,710"
846,10-Feb-2020,EQ,"3,138.00","3,150.85","3,091.70","3,134.85","3,100.00","3,103.30","3,118.05","3,315.15","2,442.20","386,072","1,203,790,721.15","19,938"
847,07-Feb-2020,EQ,"3,164.80","3,189.00","3,106.60","3,149.80","3,135.00","3,134.85","3,147.60","3,315.15","2,442.20","454,698","1,431,209,173.30","25,566"
848,06-Feb-2020,EQ,"3,170.00","3,211.00","3,141.40","3,161.50","3,148.00","3,149.80","3,174.12","3,315.15","2,442.20","514,236","1,632,248,061.25","31,289"
849,05-Feb-2020,EQ,"3,185.00","3,220.90","3,150.00","3,162.80","3,158.00","3,161.50","3,180.32","3,315.15","2,442.20","646,723","2,056,784,070.60","40,416"
850,04-Feb-2020,EQ,"3,270.00","3,313.00","3,151.00","3,284.50","3,160.90","3,162.80","3,221.67","3,315.15","2,442.20","1,546,450","4,982,158,384.00","86,685"
851,03-Feb-2020,EQ,"3,143.00","3,315.15","3,115.10","3,143.30","3,282.80","3,284.50","3,240.95","3,315.15","2,442.20","921,166","2,985,450,179.80","70,132"
852,01-Feb-2020,EQ,"3,173.60","3,215.60","3,124.80","3,180.05","3,145.00","3,143.30","3,176.48","3,289.00","2,442.20","477,309","1,516,160,585.35","22,609"
853,31-Jan-2020,EQ,"3,150.00","3,239.95","3,150.00","3,145.50","3,182.00","3,180.05","3,206.66","3,289.00","2,442.20","1,141,144","3,659,256,507.70","67,911"
854,30-Jan-2020,EQ,"3,108.50","3,185.00","3,041.10","3,091.85","3,142.00","3,145.50","3,128.47","3,289.00","2,442.20","2,400,831","7,510,931,523.40","119,163"
855,29-Jan-2020,EQ,"3,079.00","3,099.00","3,060.00","3,060.90","3,094.75","3,091.85","3,087.32","3,289.00","2,442.20","243,945","753,135,618.75","24,785"
856,28-Jan-2020,EQ,"3,089.80","3,109.60","3,048.00","3,082.60","3,050.40","3,060.90","3,075.44","3,289.00","2,442.20","239,986","738,063,476.25","26,462"
857,27-Jan-2020,EQ,"3,069.80","3,122.95","3,044.05","3,074.15","3,079.25","3,082.60","3,085.34","3,289.00","2,442.20","308,445","951,656,215.40","18,096"
858,24-Jan-2020,EQ,"3,068.00","3,092.95","3,064.00","3,065.20","3,082.40","3,074.15","3,078.46","3,289.00","2,442.20","209,961","646,356,383.80","16,960"
859,23-Jan-2020,EQ,"3,072.00","3,089.95","3,051.10","3,076.40","3,068.00","3,065.20","3,069.47","3,289.00","2,442.20","256,329","786,793,776.90","16,401"
860,22-Jan-2020,EQ,"3,105.00","3,110.00","3,070.10","3,097.05","3,074.85","3,076.40","3,082.74","3,289.00","2,442.20","269,339","830,302,989.60","18,843"
861,21-Jan-2020,EQ,"3,096.00","3,119.00","3,085.50","3,103.70","3,093.00","3,097.05","3,102.26","3,289.00","2,442.20","215,722","669,226,501.10","15,113"
862,20-Jan-2020,EQ,"3,130.00","3,144.65","3,083.15","3,118.10","3,103.55","3,103.70","3,109.00","3,289.00","2,442.20","365,554","1,136,506,389.40","21,352"
863,17-Jan-2020,EQ,"3,112.00","3,138.00","3,098.00","3,112.10","3,110.50","3,118.10","3,122.27","3,289.00","2,442.20","272,072","849,481,615.70","17,769"
864,16-Jan-2020,EQ,"3,129.80","3,150.00","3,101.50","3,123.55","3,104.55","3,112.10","3,121.91","3,289.00","2,442.20","287,553","897,714,573.40","15,600"
865,15-Jan-2020,EQ,"3,101.00","3,138.00","3,092.00","3,101.60","3,126.50","3,123.55","3,118.48","3,289.00","2,442.20","553,613","1,726,433,230.70","21,233"
866,14-Jan-2020,EQ,"3,091.10","3,118.00","3,074.00","3,094.05","3,107.00","3,101.60","3,100.60","3,289.00","2,442.20","278,534","863,621,833.75","19,552"
867,13-Jan-2020,EQ,"3,106.00","3,119.95","3,080.20","3,101.20","3,085.00","3,094.05","3,099.60","3,289.00","2,442.20","154,993","480,416,163.90","10,523"
868,10-Jan-2020,EQ,"3,098.00","3,117.00","3,085.75","3,085.70","3,102.00","3,101.20","3,099.26","3,289.00","2,442.20","455,081","1,410,412,420.50","28,270"
869,09-Jan-2020,EQ,"3,076.00","3,110.00","3,066.05","3,059.25","3,090.00","3,085.70","3,091.02","3,289.00","2,442.20","333,029","1,029,400,099.15","31,766"
870,08-Jan-2020,EQ,"3,000.00","3,073.40","3,000.00","3,037.95","3,057.00","3,059.25","3,048.93","3,289.00","2,442.20","393,614","1,200,100,081.70","26,250"
871,07-Jan-2020,EQ,"3,045.50","3,072.00","3,030.10","3,037.65","3,045.00","3,037.95","3,043.08","3,289.00","2,442.20","225,535","686,321,029.70","15,131"
872,06-Jan-2020,EQ,"3,070.00","3,071.60","3,028.05","3,072.05","3,033.00","3,037.65","3,039.65","3,289.00","2,442.20","355,754","1,081,366,111.95","23,989"
873,03-Jan-2020,EQ,"3,125.50","3,128.25","3,065.00","3,121.00","3,067.00","3,072.05","3,090.34","3,289.00","2,442.20","424,311","1,311,263,332.40","27,302"
874,02-Jan-2020,EQ,"3,154.95","3,172.50","3,112.05","3,150.10","3,121.75","3,121.00","3,129.60","3,289.00","2,442.20","452,413","1,415,870,093.50","25,354"
875,01-Jan-2020,EQ,"3,183.00","3,193.75","3,142.10","3,185.00","3,151.00","3,150.10","3,169.79","3,289.00","2,442.20","320,021","1,014,398,662.55","16,092"
876,31-Dec-2019,EQ,"3,251.00","3,251.00","3,175.55","3,251.95","3,180.00","3,185.00","3,208.49","3,289.00","2,442.20","526,252","1,688,474,271.40","25,841"
877,30-Dec-2019,EQ,"3,240.00","3,260.00","3,229.05","3,241.95","3,258.00","3,251.95","3,243.73","3,289.00","2,442.20","332,557","1,078,724,005.25","15,771"
878,27-Dec-2019,EQ,"3,221.25","3,258.00","3,220.50","3,230.05","3,243.05","3,241.95","3,235.26","3,289.00","2,442.20","211,224","683,365,071.70","14,307"
879,26-Dec-2019,EQ,"3,226.00","3,239.00","3,204.00","3,226.75","3,216.65","3,230.05","3,223.08","3,289.00","2,442.20","241,386","778,007,290.55","16,448"
880,24-Dec-2019,EQ,"3,220.00","3,235.00","3,210.00","3,219.50","3,223.70","3,226.75","3,226.76","3,289.00","2,442.20","172,853","557,755,442.75","13,673"
881,23-Dec-2019,EQ,"3,205.00","3,225.00","3,184.50","3,203.75","3,223.95","3,219.50","3,209.79","3,289.00","2,442.20","242,195","777,395,055.50","18,149"
882,20-Dec-2019,EQ,"3,232.00","3,239.80","3,197.60","3,218.40","3,203.00","3,203.75","3,214.60","3,289.00","2,442.20","304,173","977,793,773.75","24,127"
883,19-Dec-2019,EQ,"3,206.00","3,232.00","3,182.00","3,213.65","3,221.00","3,218.40","3,214.07","3,289.00","2,442.20","409,369","1,315,741,163.80","32,028"
884,18-Dec-2019,EQ,"3,199.05","3,220.00","3,192.20","3,199.10","3,215.50","3,213.65","3,208.98","3,289.00","2,442.20","315,871","1,013,623,194.80","28,760"
885,17-Dec-2019,EQ,"3,225.00","3,231.70","3,194.40","3,220.40","3,199.00","3,199.10","3,206.82","3,289.00","2,442.20","336,920","1,080,441,684.60","27,184"
886,16-Dec-2019,EQ,"3,234.50","3,280.00","3,213.15","3,232.90","3,220.00","3,220.40","3,244.49","3,289.00","2,442.20","376,835","1,222,638,389.10","21,878"
887,13-Dec-2019,EQ,"3,274.90","3,274.90","3,220.25","3,261.45","3,229.80","3,232.90","3,239.82","3,289.00","2,442.20","360,095","1,166,644,738.75","23,854"
888,12-Dec-2019,EQ,"3,276.30","3,283.30","3,256.60","3,268.65","3,258.00","3,261.45","3,267.88","3,289.00","2,442.20","263,581","861,351,688.20","26,125"
889,11-Dec-2019,EQ,"3,240.15","3,274.85","3,220.05","3,232.50","3,267.65","3,268.65","3,251.25","3,289.00","2,442.20","327,568","1,065,004,006.05","30,789"
890,10-Dec-2019,EQ,"3,230.00","3,240.00","3,211.25","3,225.55","3,229.00","3,232.50","3,225.14","3,289.00","2,442.20","278,890","899,459,318.15","23,116"
891,09-Dec-2019,EQ,"3,223.90","3,239.85","3,202.30","3,206.10","3,220.40","3,225.55","3,226.44","3,289.00","2,442.20","217,098","700,452,830.90","20,521"
892,06-Dec-2019,EQ,"3,243.10","3,258.00","3,193.10","3,243.10","3,210.00","3,206.10","3,220.84","3,289.00","2,442.20","275,871","888,535,252.20","16,415"
893,05-Dec-2019,EQ,"3,240.00","3,286.40","3,225.85","3,251.15","3,230.00","3,243.10","3,262.83","3,289.00","2,442.20","692,533","2,259,615,288.70","38,180"
894,04-Dec-2019,EQ,"3,259.75","3,278.00","3,228.00","3,259.75","3,250.00","3,251.15","3,251.36","3,289.00","2,442.20","458,892","1,492,025,057.20","25,795"
895,03-Dec-2019,EQ,"3,167.00","3,270.00","3,167.00","3,159.25","3,258.00","3,259.75","3,229.40","3,289.00","2,442.20","864,612","2,792,176,535.05","46,079"
896,02-Dec-2019,EQ,"3,163.10","3,217.40","3,142.05","3,176.00","3,162.45","3,159.25","3,171.94","3,289.00","2,442.20","474,666","1,505,610,064.25","38,843"
897,29-Nov-2019,EQ,"3,186.00","3,196.00","3,147.10","3,196.40","3,178.85","3,176.00","3,168.89","3,289.00","2,442.20","203,765","645,708,462.80","23,629"
898,28-Nov-2019,EQ,"3,210.00","3,216.75","3,182.80","3,212.05","3,182.85","3,196.40","3,197.93","3,289.00","2,442.20","194,094","620,698,537.90","24,450"
899,27-Nov-2019,EQ,"3,188.15","3,217.25","3,180.00","3,178.15","3,212.05","3,212.05","3,202.00","3,289.00","2,442.20","308,282","987,118,009.45","29,559"
900,26-Nov-2019,EQ,"3,199.90","3,228.00","3,168.75","3,195.65","3,184.80","3,178.15","3,188.57","3,289.00","2,442.20","628,851","2,005,134,604.45","46,021"
901,25-Nov-2019,EQ,"3,152.35","3,206.30","3,105.20","3,152.35","3,201.40","3,195.65","3,165.29","3,289.00","2,442.20","332,892","1,053,701,227.60","23,597"
902,22-Nov-2019,EQ,"3,180.00","3,186.00","3,133.50","3,188.35","3,150.00","3,152.35","3,153.32","3,289.00","2,442.20","285,777","901,147,418.05","16,211"
903,21-Nov-2019,EQ,"3,152.40","3,209.00","3,144.00","3,162.40","3,186.65","3,188.35","3,185.79","3,289.00","2,442.20","347,577","1,107,306,115.15","26,914"
904,20-Nov-2019,EQ,"3,145.55","3,168.90","3,130.50","3,161.05","3,165.00","3,162.40","3,152.42","3,289.00","2,442.20","238,889","753,078,232.70","16,746"
905,19-Nov-2019,EQ,"3,156.00","3,171.50","3,122.10","3,156.90","3,156.30","3,161.05","3,150.54","3,289.00","2,442.20","285,669","900,010,992.50","17,302"
906,18-Nov-2019,EQ,"3,225.00","3,225.00","3,146.75","3,215.35","3,152.25","3,156.90","3,166.83","3,289.00","2,442.20","441,118","1,396,945,122.45","35,147"
907,15-Nov-2019,EQ,"3,240.00","3,252.45","3,200.00","3,233.30","3,204.10","3,215.35","3,232.38","3,289.00","2,442.20","311,463","1,006,766,197.80","16,707"
908,14-Nov-2019,EQ,"3,205.00","3,244.55","3,191.10","3,206.00","3,232.50","3,233.30","3,219.82","3,289.00","2,442.20","310,906","1,001,061,287.60","17,523"
909,13-Nov-2019,EQ,"3,230.00","3,245.00","3,190.80","3,237.35","3,204.00","3,206.00","3,213.88","3,289.00","2,442.20","305,804","982,816,553.05","21,329"
910,11-Nov-2019,EQ,"3,238.00","3,254.00","3,221.00","3,245.55","3,239.80","3,237.35","3,237.06","3,289.00","2,442.20","278,347","901,027,052.05","15,747"
911,08-Nov-2019,EQ,"3,257.80","3,288.80","3,235.55","3,265.85","3,246.90","3,245.55","3,270.72","3,289.00","2,442.20","483,871","1,582,608,377.35","26,498"
912,07-Nov-2019,EQ,"3,244.00","3,277.00","3,222.95","3,248.30","3,277.00","3,265.85","3,249.00","3,289.00","2,442.20","326,912","1,062,137,565.80","24,057"
913,06-Nov-2019,EQ,"3,244.00","3,271.50","3,214.75","3,246.30","3,244.20","3,248.30","3,248.94","3,289.00","2,442.20","348,652","1,132,749,056.70","25,818"
914,05-Nov-2019,EQ,"3,225.00","3,255.70","3,191.15","3,212.05","3,252.00","3,246.30","3,234.86","3,289.00","2,442.20","305,513","988,291,016.45","29,376"
915,04-Nov-2019,EQ,"3,236.00","3,248.25","3,181.30","3,232.65","3,218.00","3,212.05","3,206.33","3,289.00","2,442.20","330,025","1,058,168,755.85","21,388"
916,01-Nov-2019,EQ,"3,250.00","3,289.00","3,190.00","3,247.35","3,230.00","3,232.65","3,252.46","3,289.00","2,442.20","748,062","2,433,040,797.45","44,741"
917,31-Oct-2019,EQ,"3,229.70","3,255.00","3,213.00","3,222.90","3,243.00","3,247.35","3,241.38","3,255.00","2,442.20","446,046","1,445,803,052.35","36,443"
918,30-Oct-2019,EQ,"3,199.40","3,229.40","3,173.10","3,180.75","3,228.00","3,222.90","3,213.64","3,237.35","2,442.20","572,787","1,840,730,032.65","37,245"
919,29-Oct-2019,EQ,"3,145.00","3,198.65","3,137.35","3,143.35","3,180.80","3,180.75","3,180.06","3,237.35","2,442.20","383,452","1,219,400,559.45","33,709"
920,27-Oct-2019,EQ,"3,159.00","3,173.30","3,135.15","3,129.65","3,136.00","3,143.35","3,148.76","3,237.35","2,420.00","72,198","227,334,452.10","4,291"
921,25-Oct-2019,EQ,"3,187.15","3,187.15","3,110.00","3,167.85","3,133.75","3,129.65","3,135.10","3,237.35","2,420.00","369,730","1,159,140,023.20","29,691"
922,24-Oct-2019,EQ,"3,165.00","3,201.00","3,143.45","3,162.65","3,175.00","3,167.85","3,175.92","3,237.35","2,420.00","656,713","2,085,665,186.45","58,278"
923,23-Oct-2019,EQ,"3,122.40","3,237.35","3,095.00","3,122.30","3,159.00","3,162.65","3,178.88","3,237.35","2,420.00","2,111,842","6,713,282,825.80","117,465"
924,22-Oct-2019,EQ,"3,090.05","3,154.40","3,089.65","3,087.05","3,122.35","3,122.30","3,128.63","3,154.40","2,420.00","379,635","1,187,736,360.95","27,720"
925,18-Oct-2019,EQ,"3,119.00","3,119.95","3,075.00","3,111.50","3,090.00","3,087.05","3,090.84","3,149.95","2,420.00","398,223","1,230,845,165.90","29,698"
926,17-Oct-2019,EQ,"3,009.00","3,140.00","2,995.00","3,023.70","3,138.00","3,111.50","3,046.67","3,149.95","2,420.00","707,480","2,155,457,331.90","43,494"
927,16-Oct-2019,EQ,"3,035.00","3,050.00","3,015.25","3,011.95","3,022.00","3,023.70","3,033.55","3,149.95","2,420.00","572,575","1,736,932,591.70","43,829"
928,15-Oct-2019,EQ,"2,964.00","3,029.90","2,953.45","2,958.05","3,010.60","3,011.95","3,001.85","3,149.95","2,420.00","636,441","1,910,501,356.20","38,503"
929,14-Oct-2019,EQ,"2,889.10","2,975.00","2,888.00","2,898.80","2,950.00","2,958.05","2,953.60","3,149.95","2,420.00","367,105","1,084,280,316.20","27,259"
930,11-Oct-2019,EQ,"2,898.00","2,925.00","2,883.55","2,886.25","2,899.50","2,898.80","2,901.27","3,149.95","2,420.00","198,610","576,222,182.30","15,473"
931,10-Oct-2019,EQ,"2,881.00","2,932.00","2,865.00","2,891.85","2,898.00","2,886.25","2,900.10","3,149.95","2,420.00","313,632","909,565,730.40","25,151"
932,09-Oct-2019,EQ,"2,889.00","2,915.00","2,877.75","2,892.30","2,879.50","2,891.85","2,894.48","3,149.95","2,420.00","355,878","1,030,083,154.80","23,178"
933,07-Oct-2019,EQ,"2,859.90","2,900.05","2,854.95","2,863.55","2,888.90","2,892.30","2,880.69","3,149.95","2,420.00","276,023","795,137,875.60","22,126"
934,04-Oct-2019,EQ,"2,915.00","2,935.00","2,855.00","2,897.90","2,856.00","2,863.55","2,903.42","3,149.95","2,420.00","342,652","994,861,078.75","32,953"
935,03-Oct-2019,EQ,"2,915.00","2,939.70","2,882.50","2,910.00","2,883.80","2,897.90","2,906.09","3,149.95","2,420.00","292,132","848,960,577.20","47,328"
936,01-Oct-2019,EQ,"2,945.00","2,977.70","2,888.05","2,941.80","2,915.95","2,910.00","2,925.89","3,149.95","2,420.00","546,876","1,600,098,168.65","37,011"
937,30-Sep-2019,EQ,"2,960.10","2,974.95","2,902.50","2,957.50","2,928.05","2,941.80","2,935.62","3,149.95","2,420.00","384,245","1,127,997,145.75","27,574"
938,27-Sep-2019,EQ,"2,964.00","2,989.55","2,936.15","2,970.30","2,951.10","2,957.50","2,958.83","3,149.95","2,420.00","326,785","966,901,656.25","25,800"
939,26-Sep-2019,EQ,"2,942.00","2,993.00","2,935.00","2,941.00","2,969.95","2,970.30","2,968.44","3,149.95","2,420.00","647,497","1,922,054,905.05","42,118"
940,25-Sep-2019,EQ,"2,940.00","2,965.00","2,910.00","2,958.15","2,938.00","2,941.00","2,936.36","3,149.95","2,420.00","439,376","1,290,164,742.85","36,217"
941,24-Sep-2019,EQ,"3,001.00","3,005.00","2,929.20","2,995.15","2,966.95","2,958.15","2,958.75","3,149.95","2,420.00","479,273","1,418,048,003.70","45,637"
942,23-Sep-2019,EQ,"2,956.10","3,027.15","2,929.00","2,929.25","2,997.85","2,995.15","2,988.73","3,149.95","2,420.00","807,027","2,411,983,256.85","62,447"
943,20-Sep-2019,EQ,"2,730.00","3,020.10","2,725.00","2,738.85","2,928.90","2,929.25","2,908.28","3,149.95","2,420.00","1,423,536","4,140,036,043.75","97,729"
944,19-Sep-2019,EQ,"2,773.00","2,776.00","2,721.45","2,777.05","2,736.30","2,738.85","2,745.73","3,149.95","2,420.00","228,796","628,212,120.20","23,098"
945,18-Sep-2019,EQ,"2,798.00","2,819.00","2,750.10","2,773.15","2,775.00","2,777.05","2,778.87","3,149.95","2,420.00","524,048","1,456,262,731.25","35,511"
946,17-Sep-2019,EQ,"2,874.80","2,875.85","2,762.55","2,874.45","2,786.00","2,773.15","2,814.72","3,149.95","2,420.00","439,334","1,236,600,349.10","35,204"
947,16-Sep-2019,EQ,"2,859.00","2,887.70","2,850.00","2,878.20","2,878.00","2,874.45","2,870.36","3,149.95","2,420.00","305,963","878,222,448.45","27,963"
948,13-Sep-2019,EQ,"2,860.00","2,889.00","2,855.00","2,852.20","2,876.00","2,878.20","2,873.47","3,149.95","2,420.00","355,911","1,022,700,365.95","24,047"
949,12-Sep-2019,EQ,"2,911.00","2,911.40","2,846.70","2,908.40","2,855.00","2,852.20","2,871.34","3,149.95","2,420.00","314,580","903,267,056.95","19,575"
950,11-Sep-2019,EQ,"2,838.90","2,920.45","2,812.00","2,817.80","2,899.00","2,908.40","2,891.31","3,149.95","2,420.00","1,253,636","3,624,644,988.95","60,207"
951,09-Sep-2019,EQ,"2,809.00","2,838.55","2,797.00","2,839.35","2,810.00","2,817.80","2,816.52","3,149.95","2,420.00","471,251","1,327,289,884.00","29,411"
952,06-Sep-2019,EQ,"2,772.90","2,864.80","2,745.50","2,759.20","2,838.70","2,839.35","2,819.24","3,149.95","2,420.00","1,005,180","2,833,844,857.90","46,338"
953,05-Sep-2019,EQ,"2,740.05","2,775.45","2,740.05","2,735.70","2,759.00","2,759.20","2,759.84","3,149.95","2,420.00","383,992","1,059,755,159.60","30,013"
954,04-Sep-2019,EQ,"2,774.40","2,788.45","2,725.00","2,764.20","2,737.00","2,735.70","2,748.01","3,149.95","2,420.00","340,167","934,780,844.95","22,145"
955,03-Sep-2019,EQ,"2,775.30","2,805.10","2,757.60","2,788.30","2,767.00","2,764.20","2,781.61","3,149.95","2,420.00","493,182","1,371,839,601.15","37,771"
956,30-Aug-2019,EQ,"2,766.10","2,796.90","2,726.15","2,757.80","2,787.65","2,788.30","2,761.91","3,149.95","2,420.00","391,007","1,079,925,928.10","32,407"
957,29-Aug-2019,EQ,"2,762.00","2,786.75","2,738.40","2,766.75","2,760.00","2,757.80","2,765.04","3,149.95","2,420.00","438,739","1,213,132,857.35","27,687"
958,28-Aug-2019,EQ,"2,760.00","2,813.95","2,750.55","2,766.50","2,761.75","2,766.75","2,790.67","3,149.95","2,420.00","479,960","1,339,408,758.45","26,766"
959,27-Aug-2019,EQ,"2,754.00","2,798.40","2,745.10","2,736.80","2,768.10","2,766.50","2,773.13","3,149.95","2,420.00","514,940","1,427,996,669.85","35,149"
960,26-Aug-2019,EQ,"2,794.70","2,794.70","2,686.00","2,749.15","2,744.00","2,736.80","2,722.82","3,149.95","2,420.00","577,286","1,571,848,648.15","32,572"
961,23-Aug-2019,EQ,"2,743.95","2,765.00","2,714.15","2,744.25","2,752.75","2,749.15","2,743.96","3,149.95","2,420.00","332,505","912,379,872.20","24,682"
962,22-Aug-2019,EQ,"2,762.00","2,775.00","2,731.30","2,764.80","2,748.00","2,744.25","2,753.18","3,149.95","2,420.00","428,855","1,180,713,500.85","28,376"
963,21-Aug-2019,EQ,"2,745.95","2,771.50","2,735.00","2,742.95","2,754.20","2,764.80","2,757.93","3,149.95","2,420.00","429,633","1,184,896,567.95","27,174"
964,20-Aug-2019,EQ,"2,730.00","2,768.70","2,718.55","2,725.50","2,744.25","2,742.95","2,745.66","3,149.95","2,420.00","537,366","1,475,422,681.90","34,297"
965,19-Aug-2019,EQ,"2,764.75","2,773.00","2,713.80","2,750.95","2,730.00","2,725.50","2,743.60","3,149.95","2,420.00","461,203","1,265,354,816.65","30,946"
966,16-Aug-2019,EQ,"2,712.05","2,760.00","2,661.35","2,713.90","2,748.20","2,750.95","2,726.09","3,149.95","2,420.00","600,082","1,635,879,350.65","51,067"
967,14-Aug-2019,EQ,"2,672.00","2,757.00","2,672.00","2,670.55","2,713.95","2,713.90","2,720.16","3,149.95","2,420.00","522,580","1,421,501,882.35","41,837"
968,13-Aug-2019,EQ,"2,699.95","2,742.85","2,642.60","2,707.60","2,664.00","2,670.55","2,706.11","3,149.95","2,420.00","706,218","1,911,104,787.95","45,188"
969,09-Aug-2019,EQ,"2,710.55","2,741.50","2,685.00","2,703.75","2,700.25","2,707.60","2,713.01","3,149.95","2,420.00","673,080","1,826,069,561.60","40,208"
970,08-Aug-2019,EQ,"2,612.00","2,721.55","2,602.05","2,605.10","2,707.00","2,703.75","2,648.32","3,149.95","2,420.00","592,914","1,570,226,442.85","37,035"
971,07-Aug-2019,EQ,"2,635.50","2,635.50","2,585.00","2,609.80","2,601.00","2,605.10","2,610.33","3,149.95","2,420.00","459,833","1,200,315,869.10","30,040"
972,06-Aug-2019,EQ,"2,600.00","2,649.00","2,592.90","2,619.75","2,602.50","2,609.80","2,617.32","3,149.95","2,420.00","765,470","2,003,477,616.15","50,660"
973,05-Aug-2019,EQ,"2,565.00","2,642.65","2,545.50","2,600.55","2,641.90","2,619.75","2,611.83","3,149.95","2,420.00","906,097","2,366,570,786.65","58,066"
974,02-Aug-2019,EQ,"2,517.10","2,618.00","2,478.15","2,537.65","2,600.55","2,600.55","2,575.72","3,149.95","2,420.00","1,021,098","2,630,061,521.00","69,301"
975,01-Aug-2019,EQ,"2,485.05","2,552.60","2,473.60","2,516.50","2,539.00","2,537.65","2,510.14","3,149.95","2,420.00","625,372","1,569,772,783.15","42,057"
976,31-Jul-2019,EQ,"2,463.00","2,536.00","2,442.20","2,463.85","2,505.60","2,516.50","2,502.25","3,149.95","2,420.00","651,778","1,630,912,157.70","45,344"
977,30-Jul-2019,EQ,"2,490.00","2,515.00","2,445.45","2,487.65","2,467.70","2,463.85","2,475.67","3,149.95","2,420.00","784,779","1,942,850,515.20","46,464"
978,29-Jul-2019,EQ,"2,590.00","2,590.00","2,451.00","2,618.65","2,489.20","2,487.65","2,499.77","3,149.95","2,420.00","1,009,207","2,522,785,780.30","69,122"
979,26-Jul-2019,EQ,"2,547.00","2,679.95","2,506.25","2,547.00","2,624.00","2,618.65","2,614.87","3,149.95","2,420.00","2,105,536","5,505,704,670.20","120,466"
980,25-Jul-2019,EQ,"2,526.45","2,567.90","2,513.00","2,522.60","2,547.00","2,547.00","2,547.81","3,149.95","2,420.00","549,808","1,400,807,976.55","33,439"
981,24-Jul-2019,EQ,"2,523.85","2,543.00","2,482.00","2,523.85","2,526.45","2,522.60","2,516.01","3,149.95","2,420.00","481,139","1,210,552,694.40","32,642"
982,23-Jul-2019,EQ,"2,569.00","2,570.00","2,515.20","2,562.90","2,520.05","2,523.85","2,527.45","3,149.95","2,420.00","602,971","1,523,981,198.15","41,791"
983,22-Jul-2019,EQ,"2,560.00","2,609.95","2,514.45","2,558.25","2,569.00","2,562.90","2,560.73","3,149.95","2,420.00","407,638","1,043,849,993.15","39,268"
984,19-Jul-2019,EQ,"2,640.00","2,654.95","2,550.00","2,630.80","2,563.00","2,558.25","2,582.75","3,165.00","2,420.00","456,542","1,179,133,069.35","34,569"
985,18-Jul-2019,EQ,"2,700.00","2,711.85","2,621.10","2,696.90","2,625.90","2,630.80","2,656.17","3,165.00","2,420.00","365,949","972,023,221.45","31,111"
986,17-Jul-2019,EQ,"2,725.00","2,735.75","2,691.35","2,732.45","2,695.00","2,696.90","2,708.98","3,165.00","2,420.00","267,305","724,123,460.70","29,092"
987,16-Jul-2019,EQ,"2,710.00","2,745.00","2,678.00","2,714.00","2,734.00","2,732.45","2,711.69","3,165.00","2,420.00","315,367","855,178,263.00","27,132"
988,15-Jul-2019,EQ,"2,728.00","2,754.00","2,705.70","2,722.55","2,720.10","2,714.00","2,730.13","3,165.00","2,420.00","299,859","818,652,813.80","21,579"
989,12-Jul-2019,EQ,"2,720.00","2,751.90","2,693.35","2,711.70","2,729.85","2,722.55","2,725.62","3,194.95","2,420.00","298,498","813,592,895.80","24,739"
990,11-Jul-2019,EQ,"2,720.00","2,724.50","2,660.25","2,740.40","2,707.00","2,711.70","2,691.46","3,194.95","2,420.00","653,802","1,759,680,938.95","47,966"
991,10-Jul-2019,EQ,"2,790.00","2,793.95","2,720.55","2,786.40","2,738.95","2,740.40","2,746.64","3,194.95","2,420.00","378,373","1,039,255,317.20","28,934"
992,09-Jul-2019,EQ,"2,774.00","2,796.50","2,755.00","2,777.80","2,786.00","2,786.40","2,775.32","3,194.95","2,420.00","253,454","703,415,107.75","19,782"
993,08-Jul-2019,EQ,"2,827.55","2,827.55","2,746.60","2,842.55","2,776.15","2,777.80","2,773.65","3,194.95","2,420.00","363,327","1,007,743,587.10","26,249"
994,05-Jul-2019,EQ,"2,898.00","2,918.00","2,826.95","2,894.80","2,840.10","2,842.55","2,880.47","3,194.95","2,420.00","324,849","935,718,731.85","25,340"
995,04-Jul-2019,EQ,"2,900.00","2,909.00","2,877.00","2,897.75","2,895.90","2,894.80","2,890.74","3,194.95","2,420.00","249,409","720,975,769.70","18,845"
996,03-Jul-2019,EQ,"2,900.00","2,910.00","2,872.00","2,883.55","2,889.50","2,897.75","2,893.73","3,194.95","2,420.00","274,468","794,235,413.10","18,287"
997,02-Jul-2019,EQ,"2,919.00","2,927.95","2,864.00","2,911.95","2,889.00","2,883.55","2,885.06","3,194.95","2,420.00","334,846","966,051,468.90","20,850"
998,01-Jul-2019,EQ,"2,838.40","2,920.15","2,836.20","2,827.05","2,915.00","2,911.95","2,890.00","3,194.95","2,420.00","628,760","1,817,115,827.15","37,693"
999,27-Jun-2019,EQ,"2,867.25","2,909.90","2,851.00","2,868.70","2,862.25","2,865.85","2,877.28","3,194.95","2,420.00","621,516","1,788,277,224.90","39,064"
1000,26-Jun-2019,EQ,"2,839.95","2,881.35","2,814.00","2,843.70","2,867.25","2,868.70","2,857.40","3,194.95","2,420.00","265,442","758,473,232.10","18,869"
1001,25-Jun-2019,EQ,"2,814.00","2,853.95","2,786.00","2,816.90","2,843.95","2,843.70","2,827.36","3,194.95","2,420.00","424,591","1,200,472,449.90","24,688"
1002,24-Jun-2019,EQ,"2,855.00","2,877.10","2,801.20","2,875.55","2,814.00","2,816.90","2,818.06","3,194.95","2,420.00","434,882","1,225,521,435.50","30,879"
1003,21-Jun-2019,EQ,"2,894.90","2,910.90","2,844.10","2,897.30","2,881.00","2,875.55","2,877.22","3,194.95","2,420.00","529,699","1,524,058,539.15","33,747"
1004,21-Jun-2019,EQ,"2,894.90","2,910.90","2,844.10","2,897.30","2,881.00","2,875.55","2,877.22","3,194.95","2,420.00","529,699","1,524,058,539.15","33,747"
1005,20-Jun-2019,EQ,"2,837.90","2,906.90","2,806.15","2,822.90","2,905.00","2,897.30","2,864.81","3,194.95","2,420.00","301,774","864,525,634.85","25,490"
1006,19-Jun-2019,EQ,"2,870.00","2,884.00","2,803.00","2,855.60","2,822.95","2,822.90","2,837.15","3,194.95","2,420.00","294,638","835,932,745.75","24,521"
1007,18-Jun-2019,EQ,"2,837.00","2,882.05","2,837.00","2,836.20","2,873.00","2,855.60","2,859.53","3,194.95","2,420.00","308,511","882,196,782.90","23,925"
1008,17-Jun-2019,EQ,"2,865.05","2,870.00","2,827.80","2,872.55","2,837.00","2,836.20","2,847.15","3,194.95","2,420.00","314,402","895,149,643.45","18,252"
1009,14-Jun-2019,EQ,"2,927.00","2,935.00","2,865.00","2,922.65","2,870.75","2,872.55","2,883.88","3,194.95","2,420.00","353,978","1,020,829,788.95","23,049"
1010,13-Jun-2019,EQ,"2,951.00","2,955.00","2,901.25","2,944.50","2,927.00","2,922.65","2,920.17","3,194.95","2,420.00","224,615","655,914,832.45","16,226"
1011,12-Jun-2019,EQ,"2,991.00","2,997.05","2,931.30","2,987.15","2,944.00","2,944.50","2,945.80","3,194.95","2,420.00","273,834","806,661,164.30","20,193"
1012,11-Jun-2019,EQ,"3,003.80","3,025.00","2,981.00","2,989.80","2,991.05","2,987.15","3,001.07","3,194.95","2,420.00","355,284","1,066,231,731.15","21,686"
1013,10-Jun-2019,EQ,"2,976.00","2,999.00","2,963.60","2,961.40","2,986.20","2,989.80","2,984.27","3,194.95","2,420.00","155,660","464,531,115.15","12,695"
1014,07-Jun-2019,EQ,"2,999.95","3,006.65","2,953.45","2,991.65","2,959.70","2,961.40","2,978.06","3,194.95","2,420.00","212,676","633,360,841.10","16,356"
1015,06-Jun-2019,EQ,"3,002.00","3,027.90","2,960.00","2,983.90","2,995.00","2,991.65","2,988.67","3,194.95","2,420.00","481,570","1,439,255,884.90","35,314"
1016,04-Jun-2019,EQ,"3,026.20","3,029.30","2,970.40","3,034.60","2,998.00","2,983.90","2,996.65","3,194.95","2,420.00","450,220","1,349,151,906.20","29,469"
1017,03-Jun-2019,EQ,"2,945.00","3,077.95","2,904.60","2,925.90","3,030.15","3,034.60","3,023.86","3,194.95","2,420.00","1,302,391","3,938,248,803.70","73,919"
1018,31-May-2019,EQ,"2,953.00","2,978.75","2,915.30","2,945.00","2,921.25","2,925.90","2,946.75","3,194.95","2,420.00","376,941","1,110,749,542.05","31,224"
1019,30-May-2019,EQ,"2,942.00","2,980.00","2,920.65","2,925.50","2,941.05","2,945.00","2,944.27","3,194.95","2,420.00","938,395","2,762,888,944.70","42,707"
1020,29-May-2019,EQ,"2,990.00","2,990.00","2,920.00","2,988.00","2,928.00","2,925.50","2,942.41","3,194.95","2,420.00","531,761","1,564,659,536.35","36,485"
1021,28-May-2019,EQ,"3,067.00","3,108.35","2,962.40","3,066.90","2,972.25","2,988.00","3,021.79","3,194.95","2,420.00","921,394","2,784,254,594.70","50,251"
1022,27-May-2019,EQ,"3,085.10","3,090.00","3,031.00","3,077.90","3,066.00","3,066.90","3,058.95","3,194.95","2,420.00","341,393","1,044,302,469.35","20,492"
1023,23-May-2019,EQ,"3,075.00","3,085.00","3,028.70","3,047.20","3,057.70","3,065.00","3,061.73","3,194.95","2,420.00","576,440","1,764,905,313.00","29,024"
1024,22-May-2019,EQ,"2,980.05","3,054.00","2,973.15","2,979.30","3,053.95","3,047.20","3,025.21","3,194.95","2,420.00","493,470","1,492,850,729.95","24,735"
1025,21-May-2019,EQ,"3,014.00","3,043.90","2,969.05","3,006.30","2,980.05","2,979.30","2,994.85","3,194.95","2,420.00","447,168","1,339,202,610.55","32,175"
1026,20-May-2019,EQ,"3,087.95","3,087.95","2,951.00","3,040.05","3,015.00","3,006.30","3,004.73","3,194.95","2,420.00","1,022,048","3,070,980,062.50","43,183"
1027,17-May-2019,EQ,"2,950.00","3,149.95","2,935.15","2,942.65","3,046.90","3,040.05","3,038.80","3,194.95","2,420.00","1,993,105","6,056,643,719.60","98,347"
1028,16-May-2019,EQ,"2,928.00","2,958.45","2,908.00","2,914.45","2,945.05","2,942.65","2,933.26","3,194.95","2,420.00","218,733","641,600,286.45","17,863"
1029,15-May-2019,EQ,"2,937.25","2,949.45","2,901.35","2,937.20","2,912.00","2,914.45","2,920.04","3,194.95","2,420.00","320,831","936,839,100.25","29,014"
1030,14-May-2019,EQ,"2,960.00","2,969.00","2,901.00","2,972.75","2,945.00","2,937.20","2,927.74","3,194.95","2,420.00","309,971","907,513,224.05","23,014"
1031,13-May-2019,EQ,"2,970.35","2,999.00","2,947.25","2,966.20","2,962.50","2,972.75","2,974.02","3,194.95","2,420.00","233,316","693,886,894.65","22,097"
1032,10-May-2019,EQ,"2,980.50","3,008.00","2,954.35","2,982.90","2,970.05","2,966.20","2,975.41","3,194.95","2,420.00","241,374","718,187,485.60","27,951"
1033,09-May-2019,EQ,"2,950.00","2,993.50","2,932.30","2,957.75","2,980.00","2,982.90","2,975.61","3,194.95","2,420.00","348,293","1,036,383,953.20","28,789"
1034,08-May-2019,EQ,"3,032.00","3,033.00","2,951.80","3,033.05","2,956.25","2,957.75","2,990.57","3,194.95","2,420.00","427,476","1,278,396,856.15","37,958"
1035,07-May-2019,EQ,"3,026.00","3,053.00","3,021.30","3,026.20","3,038.00","3,033.05","3,035.87","3,194.95","2,420.00","244,684","742,829,006.35","26,009"
1036,06-May-2019,EQ,"3,054.00","3,054.00","3,013.00","3,059.75","3,019.90","3,026.20","3,034.17","3,194.95","2,420.00","259,117","786,205,236.20","20,085"
1037,03-May-2019,EQ,"3,028.00","3,066.00","3,020.00","3,030.55","3,059.80","3,059.75","3,054.39","3,194.95","2,420.00","446,730","1,364,486,371.60","31,900"
1038,02-May-2019,EQ,"2,989.00","3,040.00","2,958.70","2,984.10","3,028.00","3,030.55","3,012.50","3,194.95","2,420.00","670,855","2,020,952,216.35","50,220"
1039,30-Apr-2019,EQ,"3,045.00","3,050.00","2,942.90","3,044.65","2,988.70","2,984.10","2,986.40","3,194.95","2,420.00","654,107","1,953,422,634.90","41,625"
1040,26-Apr-2019,EQ,"3,080.00","3,095.00","3,030.00","3,088.05","3,044.70","3,044.65","3,064.73","3,194.95","2,420.00","268,298","822,260,103.10","22,484"
1041,25-Apr-2019,EQ,"3,073.95","3,110.00","3,027.60","3,075.80","3,095.00","3,088.05","3,069.97","3,194.95","2,420.00","509,586","1,564,412,952.95","27,626"
1042,24-Apr-2019,EQ,"3,035.00","3,082.85","3,025.20","3,039.15","3,073.95","3,075.80","3,046.20","3,194.95","2,420.00","524,013","1,596,248,696.00","41,872"
1043,23-Apr-2019,EQ,"3,050.00","3,070.00","3,010.70","3,051.20","3,058.90","3,039.15","3,039.90","3,194.95","2,420.00","360,759","1,096,670,680.85","24,239"
1044,22-Apr-2019,EQ,"3,055.50","3,079.00","3,041.50","3,069.50","3,050.00","3,051.20","3,052.21","3,194.95","2,420.00","186,563","569,429,016.80","13,376"
1045,18-Apr-2019,EQ,"3,069.00","3,089.90","3,041.20","3,068.45","3,080.00","3,069.50","3,072.57","3,194.95","2,420.00","365,773","1,123,862,945.55","24,647"
1046,16-Apr-2019,EQ,"3,045.00","3,074.90","3,032.20","3,035.05","3,074.90","3,068.45","3,051.58","3,194.95","2,420.00","371,767","1,134,476,629.45","28,486"
1047,15-Apr-2019,EQ,"3,013.00","3,046.00","2,992.00","3,008.15","3,040.15","3,035.05","3,025.86","3,194.95","2,420.00","271,376","821,145,687.75","14,984"
1048,12-Apr-2019,EQ,"2,991.80","3,025.95","2,975.25","2,993.70","3,008.15","3,008.15","3,002.52","3,194.95","2,420.00","438,822","1,317,573,100.20","23,954"
1049,11-Apr-2019,EQ,"2,940.90","3,000.00","2,939.00","2,942.90","2,992.10","2,993.70","2,977.26","3,194.95","2,420.00","400,118","1,191,254,010.45","26,151"
1050,10-Apr-2019,EQ,"2,917.95","2,952.00","2,910.35","2,924.80","2,941.25","2,942.90","2,937.52","3,194.95","2,420.00","530,788","1,559,200,817.20","25,735"
1051,09-Apr-2019,EQ,"2,860.00","2,929.85","2,838.00","2,853.35","2,920.00","2,924.80","2,898.50","3,194.95","2,420.00","492,843","1,428,503,079.45","34,966"
1052,08-Apr-2019,EQ,"2,876.00","2,876.00","2,842.00","2,861.65","2,859.00","2,853.35","2,854.21","3,194.95","2,420.00","213,351","608,948,351.60","15,364"
1053,05-Apr-2019,EQ,"2,869.65","2,880.00","2,852.25","2,859.10","2,867.00","2,861.65","2,866.32","3,194.95","2,420.00","272,382","780,734,341.70","17,481"
1054,04-Apr-2019,EQ,"2,862.00","2,884.05","2,850.00","2,847.30","2,855.00","2,859.10","2,866.39","3,194.95","2,420.00","662,281","1,898,357,521.00","36,256"
1055,03-Apr-2019,EQ,"2,860.00","2,877.10","2,831.00","2,853.10","2,850.00","2,847.30","2,852.29","3,194.95","2,420.00","484,790","1,382,764,005.90","40,606"
1056,02-Apr-2019,EQ,"2,918.00","2,938.35","2,842.00","2,915.65","2,848.00","2,853.10","2,881.52","3,194.95","2,420.00","938,624","2,704,664,817.90","69,997"
1057,01-Apr-2019,EQ,"2,947.95","2,950.00","2,901.50","2,911.10","2,916.00","2,915.65","2,921.41","3,194.95","2,420.00","679,984","1,986,512,911.45","42,506"
1058,29-Mar-2019,EQ,"2,953.00","2,953.00","2,891.55","2,948.80","2,897.00","2,911.10","2,913.95","3,194.95","2,420.00","739,326","2,154,356,281.15","53,177"
1059,28-Mar-2019,EQ,"2,989.00","3,020.45","2,915.00","2,980.10","2,954.00","2,948.80","2,975.72","3,194.95","2,420.00","1,800,550","5,357,930,978.30","58,564"
1060,27-Mar-2019,EQ,"2,965.00","2,995.00","2,950.00","2,952.80","2,985.00","2,980.10","2,975.09","3,194.95","2,420.00","402,423","1,197,246,118.50","25,610"
1061,26-Mar-2019,EQ,"2,961.05","2,968.00","2,939.00","2,957.95","2,957.00","2,952.80","2,949.66","3,194.95","2,420.00","322,020","949,849,046.35","17,099"
1062,25-Mar-2019,EQ,"2,934.80","2,965.60","2,915.25","2,949.75","2,960.35","2,957.95","2,944.79","3,194.95","2,420.00","319,510","940,889,370.20","18,292"
1063,22-Mar-2019,EQ,"2,960.00","2,998.85","2,930.05","2,949.65","2,939.75","2,949.75","2,955.16","3,194.95","2,420.00","622,630","1,839,973,812.65","48,145"
1064,20-Mar-2019,EQ,"2,969.80","2,969.80","2,920.05","2,974.70","2,954.00","2,949.65","2,945.02","3,194.95","2,420.00","834,351","2,457,178,061.55","55,575"
1065,19-Mar-2019,EQ,"3,008.00","3,008.00","2,945.00","3,005.15","2,974.00","2,974.70","2,968.58","3,194.95","2,420.00","545,621","1,619,722,198.20","31,475"
1066,18-Mar-2019,EQ,"3,026.90","3,047.80","2,992.10","3,023.80","2,999.60","3,005.15","3,012.69","3,194.95","2,420.00","341,148","1,027,774,118.75","20,979"
1067,15-Mar-2019,EQ,"3,002.10","3,032.20","2,980.00","3,016.85","3,026.00","3,023.80","3,012.90","3,194.95","2,420.00","538,508","1,622,469,880.80","37,006"
1068,14-Mar-2019,EQ,"3,012.00","3,025.00","2,970.00","3,010.00","3,007.40","3,016.85","3,005.68","3,194.95","2,420.00","985,558","2,962,273,342.05","37,708"
1069,13-Mar-2019,EQ,"3,002.00","3,047.20","2,990.00","2,996.10","3,010.00","3,010.00","3,021.28","3,194.95","2,420.00","565,499","1,708,529,329.25","34,975"
1070,12-Mar-2019,EQ,"3,012.00","3,020.80","2,981.35","3,000.55","2,997.00","2,996.10","2,999.31","3,194.95","2,420.00","503,545","1,510,285,204.95","28,373"
1071,11-Mar-2019,EQ,"2,970.00","3,012.00","2,936.90","2,955.70","3,000.00","3,000.55","2,989.51","3,194.95","2,420.00","1,147,194","3,429,542,209.70","37,670"
1072,08-Mar-2019,EQ,"2,910.00","2,964.60","2,900.05","2,919.90","2,962.00","2,955.70","2,945.67","3,194.95","2,420.00","754,427","2,222,295,820.00","36,308"
1073,07-Mar-2019,EQ,"2,927.00","2,927.00","2,900.00","2,927.60","2,919.50","2,919.90","2,913.74","3,194.95","2,420.00","392,086","1,142,438,425.60","25,083"
1074,06-Mar-2019,EQ,"2,895.65","2,942.00","2,876.25","2,903.75","2,910.00","2,927.60","2,902.29","3,194.95","2,420.00","748,391","2,172,045,158.25","25,461"
1075,05-Mar-2019,EQ,"2,835.05","2,917.40","2,814.80","2,863.50","2,895.65","2,903.75","2,877.30","3,194.95","2,420.00","632,301","1,819,318,483.95","50,906"
1076,01-Mar-2019,EQ,"2,914.00","2,943.00","2,856.20","2,900.60","2,861.05","2,863.50","2,894.19","3,194.95","2,420.00","1,008,494","2,918,777,303.55","46,288"
1077,28-Feb-2019,EQ,"2,930.00","2,933.80","2,864.00","2,914.70","2,904.80","2,900.60","2,900.10","3,194.95","2,420.00","1,246,854","3,615,998,950.30","45,550"
1078,27-Feb-2019,EQ,"2,870.00","2,941.00","2,870.00","2,859.30","2,901.00","2,914.70","2,912.76","3,194.95","2,420.00","861,033","2,507,985,509.10","40,358"
1079,26-Feb-2019,EQ,"2,834.00","2,870.00","2,812.00","2,847.55","2,870.00","2,859.30","2,847.90","3,194.95","2,420.00","369,292","1,051,706,258.95","20,480"
1080,25-Feb-2019,EQ,"2,817.00","2,854.70","2,816.90","2,816.85","2,845.00","2,847.55","2,841.32","3,194.95","2,420.00","322,524","916,394,210.20","20,013"
1081,22-Feb-2019,EQ,"2,825.00","2,847.00","2,801.85","2,813.95","2,817.00","2,816.85","2,827.48","3,194.95","2,420.00","431,535","1,220,155,805.30","19,834"
1082,21-Feb-2019,EQ,"2,770.00","2,829.90","2,751.70","2,774.70","2,825.00","2,813.95","2,787.61","3,194.95","2,420.00","281,964","786,006,221.60","25,446"
1083,20-Feb-2019,EQ,"2,788.00","2,798.00","2,737.25","2,787.85","2,794.50","2,774.70","2,764.91","3,194.95","2,420.00","428,139","1,183,766,332.55","29,135"
1084,18-Feb-2019,EQ,"2,830.00","2,835.00","2,767.80","2,825.95","2,796.00","2,793.50","2,782.10","3,194.95","2,420.00","296,237","824,161,923.75","22,445"
1085,15-Feb-2019,EQ,"2,825.15","2,850.00","2,805.05","2,823.10","2,821.00","2,825.95","2,820.50","3,194.95","2,420.00","867,192","2,445,918,066.10","25,553"
1086,14-Feb-2019,EQ,"2,820.00","2,875.00","2,811.25","2,823.95","2,823.00","2,823.10","2,835.34","3,194.95","2,420.00","372,416","1,055,924,914.85","24,497"
1087,13-Feb-2019,EQ,"2,835.00","2,845.00","2,815.00","2,832.35","2,825.00","2,823.95","2,824.20","3,194.95","2,420.00","377,437","1,065,955,916.05","27,920"
1088,12-Feb-2019,EQ,"2,845.60","2,854.00","2,819.50","2,853.60","2,825.00","2,832.35","2,830.61","3,194.95","2,420.00","280,913","795,156,159.05","19,466"
1089,11-Feb-2019,EQ,"2,850.00","2,870.00","2,819.05","2,851.40","2,846.95","2,853.60","2,848.07","3,194.95","2,420.00","712,787","2,030,066,707.50","22,245"
1090,08-Feb-2019,EQ,"2,852.00","2,879.10","2,831.20","2,853.60","2,850.00","2,851.40","2,850.85","3,233.00","2,420.00","1,004,870","2,864,735,735.40","32,327"
1091,07-Feb-2019,EQ,"2,785.00","2,872.00","2,772.15","2,770.15","2,853.65","2,853.60","2,844.05","3,233.00","2,420.00","983,573","2,797,326,164.25","49,306"
1092,06-Feb-2019,EQ,"2,715.00","2,785.00","2,714.15","2,710.65","2,785.00","2,770.15","2,750.58","3,233.00","2,420.00","495,030","1,361,617,226.95","33,180"
1093,05-Feb-2019,EQ,"2,647.00","2,720.00","2,645.00","2,642.50","2,710.00","2,710.65","2,693.66","3,233.00","2,420.00","469,089","1,263,567,222.80","28,708"
1094,04-Feb-2019,EQ,"2,610.00","2,672.40","2,565.45","2,602.75","2,647.00","2,642.50","2,639.58","3,233.00","2,420.00","817,279","2,157,273,779.25","48,017"
1095,01-Feb-2019,EQ,"2,560.00","2,670.00","2,543.00","2,554.55","2,607.00","2,602.75","2,603.79","3,468.35","2,420.00","1,028,186","2,677,183,827.30","71,856"
1096,31-Jan-2019,EQ,"2,501.15","2,570.00","2,461.10","2,499.70","2,563.00","2,554.55","2,512.79","3,468.35","2,420.00","1,102,133","2,769,425,834.55","75,066"
1097,30-Jan-2019,EQ,"2,571.00","2,653.35","2,485.00","2,567.65","2,492.00","2,499.70","2,538.92","3,468.35","2,420.00","2,450,943","6,222,738,180.05","144,110"
1098,29-Jan-2019,EQ,"2,563.00","2,597.15","2,522.45","2,565.55","2,568.10","2,567.65","2,570.93","3,468.35","2,420.00","424,856","1,092,276,971.20","46,158"
1099,28-Jan-2019,EQ,"2,629.95","2,634.00","2,545.00","2,626.35","2,563.00","2,565.55","2,565.05","3,468.35","2,420.00","332,409","852,645,928.80","27,299"
1100,25-Jan-2019,EQ,"2,622.30","2,672.00","2,614.05","2,651.65","2,620.30","2,626.35","2,645.46","3,468.35","2,420.00","304,062","804,383,145.40","18,815"
1101,24-Jan-2019,EQ,"2,684.00","2,684.00","2,635.00","2,674.10","2,651.60","2,651.65","2,656.40","3,468.35","2,420.00","183,566","487,624,970.95","13,581"
1102,23-Jan-2019,EQ,"2,699.00","2,699.00","2,665.10","2,688.35","2,677.95","2,674.10","2,679.88","3,468.35","2,420.00","205,104","549,653,335.55","18,229"
1103,22-Jan-2019,EQ,"2,685.00","2,695.00","2,650.10","2,684.60","2,689.55","2,688.35","2,669.12","3,468.35","2,420.00","273,441","729,845,521.90","25,843"
1104,21-Jan-2019,EQ,"2,724.75","2,724.75","2,670.00","2,720.75","2,672.00","2,684.60","2,687.93","3,468.35","2,420.00","303,893","816,842,158.45","31,228"
1105,18-Jan-2019,EQ,"2,741.00","2,746.50","2,696.65","2,729.65","2,718.85","2,720.75","2,717.88","3,468.35","2,420.00","269,686","732,973,979.00","31,367"
1106,17-Jan-2019,EQ,"2,722.00","2,739.80","2,700.80","2,717.45","2,739.80","2,729.65","2,722.72","3,468.35","2,420.00","230,784","628,359,760.65","31,537"
1107,16-Jan-2019,EQ,"2,736.00","2,736.00","2,706.00","2,725.85","2,715.00","2,717.45","2,716.39","3,468.35","2,420.00","218,357","593,141,902.95","15,861"
1108,15-Jan-2019,EQ,"2,705.00","2,734.80","2,705.00","2,699.15","2,725.00","2,725.85","2,722.44","3,468.35","2,420.00","169,721","462,055,881.60","11,804"
1109,14-Jan-2019,EQ,"2,718.00","2,747.20","2,676.45","2,720.95","2,694.15","2,699.15","2,691.86","3,468.35","2,420.00","170,937","460,138,325.15","13,086"
1110,11-Jan-2019,EQ,"2,728.00","2,738.70","2,700.85","2,725.30","2,703.10","2,720.95","2,720.02","3,468.35","2,420.00","259,834","706,754,444.35","21,655"
1111,10-Jan-2019,EQ,"2,700.00","2,729.00","2,680.00","2,696.90","2,724.00","2,725.30","2,719.21","3,468.35","2,420.00","277,585","754,811,063.65","32,356"
1112,09-Jan-2019,EQ,"2,702.50","2,710.00","2,672.50","2,694.85","2,693.00","2,696.90","2,691.92","3,468.35","2,420.00","285,560","768,705,560.40","22,820"
1113,08-Jan-2019,EQ,"2,667.00","2,700.00","2,635.50","2,658.55","2,694.85","2,694.85","2,673.01","3,468.35","2,420.00","486,654","1,300,831,100.35","35,860"
1114,07-Jan-2019,EQ,"2,739.90","2,740.00","2,645.00","2,734.20","2,652.25","2,658.55","2,691.08","3,468.35","2,420.00","462,215","1,243,858,166.95","43,840"
1115,04-Jan-2019,EQ,"2,714.00","2,742.00","2,702.10","2,701.35","2,725.50","2,734.20","2,725.58","3,468.35","2,420.00","362,393","987,731,005.00","30,653"
1116,03-Jan-2019,EQ,"2,690.10","2,723.85","2,682.10","2,692.00","2,695.00","2,701.35","2,703.70","3,468.35","2,420.00","310,511","839,530,104.70","27,154"
1117,02-Jan-2019,EQ,"2,720.00","2,747.25","2,677.00","2,726.65","2,685.00","2,692.00","2,703.02","3,468.35","2,420.00","599,274","1,619,851,003.80","32,762"
1118,01-Jan-2019,EQ,"2,735.00","2,743.40","2,705.00","2,720.15","2,726.00","2,726.65","2,725.76","3,468.35","2,420.00","304,150","829,039,311.30","13,713"
1119,31-Dec-2018,EQ,"2,738.00","2,763.00","2,710.00","2,717.50","2,725.00","2,720.15","2,740.84","3,468.35","2,420.00","406,069","1,112,969,550.65","19,245"
1120,28-Dec-2018,EQ,"2,753.90","2,759.95","2,711.75","2,737.00","2,720.00","2,717.50","2,731.11","3,468.35","2,420.00","358,369","978,746,814.15","26,965"
1121,27-Dec-2018,EQ,"2,763.90","2,764.00","2,696.60","2,734.60","2,735.45","2,737.00","2,728.80","3,468.35","2,420.00","558,049","1,522,805,354.10","38,111"
1122,26-Dec-2018,EQ,"2,713.70","2,749.80","2,670.00","2,724.65","2,744.35","2,734.60","2,711.03","3,468.35","2,420.00","410,582","1,113,098,336.45","46,378"
1123,24-Dec-2018,EQ,"2,825.50","2,832.70","2,715.85","2,808.45","2,728.00","2,724.65","2,746.07","3,468.35","2,420.00","348,337","956,559,297.05","30,356"
1124,21-Dec-2018,EQ,"2,897.00","2,905.00","2,801.00","2,887.20","2,807.00","2,808.45","2,838.47","3,468.35","2,420.00","386,367","1,096,690,880.65","36,237"
1125,20-Dec-2018,EQ,"2,855.00","2,900.00","2,832.00","2,863.00","2,897.00","2,887.20","2,864.67","3,468.35","2,420.00","288,162","825,489,983.25","16,790"
1126,19-Dec-2018,EQ,"2,853.90","2,882.00","2,845.05","2,840.90","2,866.60","2,863.00","2,865.38","3,468.35","2,420.00","393,269","1,126,865,686.85","29,383"
1127,18-Dec-2018,EQ,"2,840.00","2,873.80","2,822.05","2,840.95","2,835.80","2,840.90","2,845.02","3,468.35","2,420.00","443,162","1,260,805,584.50","38,467"
1128,17-Dec-2018,EQ,"2,833.00","2,853.00","2,826.10","2,823.15","2,847.00","2,840.95","2,839.64","3,468.35","2,420.00","225,455","640,211,745.90","13,864"
1129,14-Dec-2018,EQ,"2,836.00","2,837.35","2,785.20","2,836.10","2,808.50","2,823.15","2,812.76","3,468.35","2,420.00","465,457","1,309,219,871.85","43,422"
1130,13-Dec-2018,EQ,"2,860.00","2,885.65","2,821.70","2,848.40","2,836.00","2,836.10","2,849.29","3,468.35","2,420.00","466,453","1,329,062,136.85","38,945"
1131,12-Dec-2018,EQ,"2,742.00","2,858.00","2,738.65","2,739.60","2,839.25","2,848.40","2,824.59","3,468.35","2,420.00","552,031","1,559,262,059.15","36,988"
1132,11-Dec-2018,EQ,"2,710.00","2,760.00","2,685.00","2,725.10","2,737.75","2,739.60","2,730.56","3,468.35","2,420.00","370,479","1,011,616,650.00","23,248"
1133,10-Dec-2018,EQ,"2,713.00","2,769.95","2,702.80","2,786.20","2,720.05","2,725.10","2,740.38","3,468.35","2,420.00","274,974","753,533,498.20","19,192"
1134,07-Dec-2018,EQ,"2,722.00","2,793.00","2,716.30","2,718.10","2,781.50","2,786.20","2,755.94","3,468.35","2,420.00","417,465","1,150,508,816.40","38,650"
1135,06-Dec-2018,EQ,"2,740.00","2,799.40","2,705.85","2,764.10","2,718.00","2,718.10","2,756.14","3,468.35","2,420.00","468,440","1,291,088,289.70","31,468"
1136,05-Dec-2018,EQ,"2,759.00","2,774.50","2,731.10","2,763.85","2,765.00","2,764.10","2,752.58","3,468.35","2,420.00","178,352","490,927,290.15","14,329"
1137,04-Dec-2018,EQ,"2,740.10","2,790.00","2,726.25","2,736.00","2,763.80","2,763.85","2,768.47","3,468.35","2,420.00","395,469","1,094,844,119.80","27,589"
1138,03-Dec-2018,EQ,"2,760.00","2,764.95","2,714.00","2,745.70","2,734.50","2,736.00","2,740.03","3,468.35","2,420.00","386,060","1,057,816,323.70","25,101"
1139,30-Nov-2018,EQ,"2,721.00","2,769.70","2,702.00","2,724.00","2,743.00","2,745.70","2,737.00","3,468.35","2,420.00","690,175","1,889,006,007.45","51,032"
1140,29-Nov-2018,EQ,"2,633.00","2,737.00","2,602.05","2,603.90","2,712.10","2,724.00","2,681.14","3,468.35","2,420.00","763,933","2,048,213,928.50","52,462"
1141,28-Nov-2018,EQ,"2,612.00","2,625.00","2,584.00","2,599.65","2,600.00","2,603.90","2,606.07","3,468.35","2,420.00","285,713","744,586,993.00","19,198"
1142,27-Nov-2018,EQ,"2,642.00","2,643.95","2,570.90","2,649.50","2,601.00","2,599.65","2,596.30","3,468.35","2,420.00","437,591","1,136,118,891.70","28,762"
1143,26-Nov-2018,EQ,"2,606.00","2,662.90","2,576.00","2,590.35","2,644.00","2,649.50","2,619.49","3,468.35","2,420.00","376,778","986,966,621.45","28,166"
1144,22-Nov-2018,EQ,"2,600.00","2,624.00","2,580.80","2,604.65","2,598.80","2,590.35","2,597.61","3,468.35","2,420.00","373,650","970,597,908.15","25,793"
1145,21-Nov-2018,EQ,"2,673.00","2,673.00","2,591.10","2,666.50","2,602.90","2,604.65","2,618.80","3,468.35","2,420.00","381,149","998,154,559.20","28,309"
1146,20-Nov-2018,EQ,"2,679.65","2,679.65","2,655.00","2,679.65","2,666.30","2,666.50","2,666.79","3,468.35","2,420.00","146,989","391,988,408.50","11,809"
1147,19-Nov-2018,EQ,"2,704.00","2,708.00","2,670.00","2,695.35","2,680.25","2,679.65","2,684.02","3,468.35","2,420.00","209,883","563,329,662.95","22,452"
1148,16-Nov-2018,EQ,"2,680.00","2,705.90","2,675.15","2,668.85","2,694.95","2,695.35","2,692.33","3,468.35","2,420.00","317,881","855,841,829.20","28,944"
1149,15-Nov-2018,EQ,"2,681.00","2,699.00","2,661.10","2,676.50","2,663.55","2,668.85","2,681.69","3,468.35","2,420.00","240,745","645,604,421.65","18,014"
1150,14-Nov-2018,EQ,"2,675.00","2,714.90","2,652.00","2,665.50","2,680.00","2,676.50","2,680.27","3,468.35","2,420.00","302,299","810,242,669.60","22,407"
1151,13-Nov-2018,EQ,"2,649.00","2,673.40","2,613.00","2,652.30","2,670.00","2,665.50","2,646.22","3,468.35","2,420.00","305,897","809,472,020.40","23,341"
1152,12-Nov-2018,EQ,"2,700.00","2,726.00","2,640.95","2,693.05","2,649.45","2,652.30","2,681.11","3,468.35","2,420.00","272,808","731,427,049.25","19,944"
1153,09-Nov-2018,EQ,"2,680.00","2,745.00","2,673.50","2,692.55","2,693.10","2,693.05","2,713.44","3,468.35","2,420.00","344,335","934,333,877.40","29,641"
1154,07-Nov-2018,EQ,"2,694.00","2,695.00","2,681.15","2,674.60","2,693.00","2,692.55","2,692.52","3,468.35","2,420.00","38,824","104,534,523.75","2,799"
1155,06-Nov-2018,EQ,"2,673.20","2,698.00","2,658.95","2,672.55","2,670.00","2,674.60","2,681.12","3,468.35","2,420.00","278,587","746,924,973.95","19,902"
1156,05-Nov-2018,EQ,"2,670.00","2,687.45","2,622.55","2,657.75","2,680.00","2,672.55","2,659.51","3,468.35","2,420.00","222,067","590,590,241.70","21,246"
1157,02-Nov-2018,EQ,"2,620.00","2,700.00","2,620.00","2,598.85","2,668.00","2,657.75","2,677.28","3,468.35","2,420.00","769,311","2,059,658,162.90","49,793"
1158,01-Nov-2018,EQ,"2,613.10","2,619.00","2,568.05","2,593.70","2,602.00","2,598.85","2,595.60","3,468.35","2,420.00","356,883","926,325,145.95","28,788"
1159,31-Oct-2018,EQ,"2,550.00","2,614.00","2,486.15","2,556.25","2,592.80","2,593.70","2,545.48","3,468.35","2,420.00","552,796","1,407,128,726.70","61,273"
1160,30-Oct-2018,EQ,"2,554.00","2,583.00","2,532.90","2,549.10","2,546.25","2,556.25","2,561.84","3,468.35","2,420.00","270,336","692,557,774.15","26,944"
1161,29-Oct-2018,EQ,"2,533.00","2,558.35","2,474.25","2,513.75","2,555.00","2,549.10","2,526.63","3,468.35","2,420.00","388,894","982,593,091.00","28,610"
1162,26-Oct-2018,EQ,"2,483.00","2,533.60","2,446.70","2,477.55","2,519.00","2,513.75","2,491.52","3,468.35","2,420.00","498,124","1,241,083,749.30","40,164"
1163,25-Oct-2018,EQ,"2,455.00","2,498.70","2,420.00","2,475.15","2,477.55","2,477.55","2,469.70","3,468.35","2,420.00","913,688","2,256,532,805.05","76,195"
1164,24-Oct-2018,EQ,"2,615.00","2,619.90","2,456.60","2,586.50","2,469.00","2,475.15","2,511.01","3,468.35","2,456.60","1,669,762","4,192,792,688.15","82,510"
1165,23-Oct-2018,EQ,"2,540.00","2,598.70","2,526.00","2,556.90","2,588.00","2,586.50","2,558.41","3,468.35","2,480.00","342,563","876,418,120.90","22,559"
1166,22-Oct-2018,EQ,"2,530.10","2,574.70","2,496.70","2,510.25","2,554.00","2,556.90","2,542.34","3,468.35","2,480.00","321,452","817,241,288.90","28,076"
1167,19-Oct-2018,EQ,"2,535.25","2,542.85","2,480.00","2,547.80","2,524.00","2,510.25","2,514.67","3,468.35","2,480.00","470,172","1,182,326,854.55","34,445"
1168,17-Oct-2018,EQ,"2,638.00","2,649.65","2,538.00","2,610.50","2,541.00","2,547.80","2,587.32","3,468.35","2,501.25","285,116","737,685,918.85","18,560"
1169,16-Oct-2018,EQ,"2,638.00","2,648.00","2,605.00","2,620.45","2,607.25","2,610.50","2,620.36","3,468.35","2,501.25","257,469","674,662,234.75","23,071"
1170,15-Oct-2018,EQ,"2,644.00","2,647.40","2,576.10","2,623.05","2,619.75","2,620.45","2,607.62","3,468.35","2,501.25","176,677","460,705,728.25","14,091"
1171,12-Oct-2018,EQ,"2,549.50","2,648.95","2,530.10","2,525.80","2,621.70","2,623.05","2,610.18","3,468.35","2,501.25","510,424","1,332,296,174.25","31,891"
1172,11-Oct-2018,EQ,"2,540.00","2,555.90","2,505.45","2,581.80","2,520.00","2,525.80","2,531.27","3,468.35","2,501.25","386,992","979,582,885.35","42,867"
1173,10-Oct-2018,EQ,"2,560.00","2,628.90","2,556.00","2,548.85","2,600.00","2,581.80","2,599.15","3,468.35","2,501.25","699,121","1,817,118,454.85","39,489"
1174,09-Oct-2018,EQ,"2,590.00","2,590.05","2,530.30","2,584.10","2,546.00","2,548.85","2,554.40","3,468.35","2,501.25","309,578","790,786,071.95","28,365"
1175,08-Oct-2018,EQ,"2,526.05","2,604.10","2,501.25","2,543.05","2,569.95","2,584.10","2,548.72","3,468.35","2,501.25","667,297","1,700,755,010.05","49,787"
1176,05-Oct-2018,EQ,"2,635.00","2,635.00","2,520.00","2,657.00","2,520.00","2,543.05","2,571.55","3,468.35","2,520.00","947,343","2,436,138,264.90","71,491"
1177,04-Oct-2018,EQ,"2,687.00","2,719.50","2,626.25","2,731.40","2,637.00","2,657.00","2,677.37","3,468.35","2,605.00","638,156","1,708,580,966.70","50,482"
1178,03-Oct-2018,EQ,"2,735.00","2,769.90","2,702.00","2,730.10","2,734.75","2,731.40","2,741.56","3,468.35","2,605.00","504,580","1,383,335,578.80","45,442"
1179,01-Oct-2018,EQ,"2,687.00","2,745.00","2,619.60","2,687.45","2,735.00","2,730.10","2,693.67","3,468.35","2,605.00","610,220","1,643,729,392.95","46,624"
1180,28-Sep-2018,EQ,"2,798.00","2,807.95","2,636.00","2,783.55","2,690.00","2,687.45","2,696.54","3,468.35","2,605.00","892,679","2,407,142,211.10","47,123"
1181,27-Sep-2018,EQ,"2,773.40","2,826.00","2,758.40","2,773.30","2,782.15","2,783.55","2,794.07","3,468.35","2,605.00","565,518","1,580,097,667.15","39,570"
1182,26-Sep-2018,EQ,"2,796.50","2,808.75","2,743.60","2,788.70","2,773.35","2,773.30","2,770.72","3,468.35","2,605.00","494,874","1,371,155,350.40","21,337"
1183,25-Sep-2018,EQ,"2,727.10","2,801.85","2,727.10","2,759.30","2,788.00","2,788.70","2,778.66","3,468.35","2,605.00","348,703","968,928,197.40","23,568"
1184,24-Sep-2018,EQ,"2,800.00","2,813.70","2,750.00","2,799.20","2,752.50","2,759.30","2,775.07","3,468.35","2,605.00","485,510","1,347,326,172.65","14,374"
1185,21-Sep-2018,EQ,"2,806.00","2,843.00","2,673.00","2,790.10","2,809.05","2,799.20","2,802.38","3,468.35","2,605.00","466,306","1,306,768,017.55","28,190"
1186,19-Sep-2018,EQ,"2,778.00","2,829.95","2,775.00","2,773.80","2,791.00","2,790.10","2,805.84","3,468.35","2,605.00","327,618","919,244,796.95","22,404"
1187,18-Sep-2018,EQ,"2,850.00","2,869.00","2,762.25","2,860.65","2,776.00","2,773.80","2,813.72","3,468.35","2,605.00","409,367","1,151,842,642.40","29,179"
1188,17-Sep-2018,EQ,"2,864.00","2,879.90","2,840.05","2,877.50","2,860.00","2,860.65","2,862.27","3,468.35","2,605.00","133,182","381,202,748.30","14,715"
1189,14-Sep-2018,EQ,"2,885.00","2,909.90","2,865.50","2,867.95","2,874.95","2,877.50","2,885.63","3,468.35","2,605.00","393,663","1,135,966,312.35","28,771"
1190,12-Sep-2018,EQ,"2,836.00","2,886.70","2,811.50","2,833.70","2,861.00","2,867.95","2,849.74","3,468.35","2,605.00","448,143","1,277,089,440.10","30,310"
1191,11-Sep-2018,EQ,"2,875.00","2,905.00","2,825.40","2,868.60","2,833.80","2,833.70","2,846.65","3,468.35","2,605.00","595,570","1,695,376,803.90","30,228"
1192,10-Sep-2018,EQ,"2,924.00","2,949.00","2,850.10","2,923.55","2,875.00","2,868.60","2,905.62","3,468.35","2,605.00","1,050,199","3,051,483,685.05","71,748"
1193,07-Sep-2018,EQ,"2,843.95","2,932.00","2,831.05","2,783.10","2,926.00","2,923.55","2,882.94","3,468.35","2,605.00","1,417,855","4,087,589,296.10","87,145"
1194,06-Sep-2018,EQ,"2,782.00","2,808.00","2,772.00","2,772.30","2,783.15","2,783.10","2,787.09","3,468.35","2,605.00","636,038","1,772,693,563.60","33,403"
1195,05-Sep-2018,EQ,"2,726.00","2,780.05","2,725.65","2,735.55","2,758.00","2,772.30","2,755.85","3,468.35","2,605.00","461,142","1,270,837,268.50","30,277"
1196,04-Sep-2018,EQ,"2,779.95","2,785.00","2,726.55","2,771.90","2,730.00","2,735.55","2,749.30","3,468.35","2,605.00","549,748","1,511,423,980.90","31,264"
1197,03-Sep-2018,EQ,"2,765.00","2,807.70","2,750.00","2,744.85","2,766.00","2,771.90","2,779.89","3,468.35","2,605.00","876,984","2,437,919,649.50","36,274"
1198,31-Aug-2018,EQ,"2,720.00","2,755.00","2,705.80","2,701.65","2,753.95","2,744.85","2,731.04","3,468.35","2,605.00","512,215","1,398,878,527.20","32,880"
1199,30-Aug-2018,EQ,"2,700.00","2,722.50","2,683.45","2,689.10","2,708.50","2,701.65","2,705.19","3,468.35","2,605.00","582,960","1,577,019,667.80","29,341"
1200,29-Aug-2018,EQ,"2,690.00","2,702.00","2,680.00","2,684.40","2,688.00","2,689.10","2,688.86","3,468.35","2,605.00","296,377","796,917,163.95","21,250"
1201,28-Aug-2018,EQ,"2,701.00","2,705.00","2,671.10","2,697.60","2,683.00","2,684.40","2,681.93","3,468.35","2,605.00","358,078","960,340,490.70","23,863"
1202,27-Aug-2018,EQ,"2,691.90","2,708.00","2,675.00","2,682.25","2,700.00","2,697.60","2,693.25","3,468.35","2,605.00","270,591","728,770,490.00","17,413"
1203,24-Aug-2018,EQ,"2,683.90","2,697.00","2,664.00","2,685.55","2,678.40","2,682.25","2,678.78","3,468.35","2,605.00","551,229","1,476,618,942.75","23,611"
1204,23-Aug-2018,EQ,"2,740.00","2,740.00","2,675.20","2,728.50","2,686.00","2,685.55","2,695.54","3,468.35","2,605.00","442,939","1,193,961,638.95","41,065"
1205,21-Aug-2018,EQ,"2,750.00","2,770.00","2,718.60","2,735.35","2,723.00","2,728.50","2,748.53","3,468.35","2,605.00","463,379","1,273,609,399.75","32,957"
1206,20-Aug-2018,EQ,"2,674.00","2,746.60","2,664.20","2,661.35","2,735.10","2,735.35","2,710.83","3,468.35","2,605.00","580,539","1,573,740,075.05","32,642"
1207,17-Aug-2018,EQ,"2,671.00","2,677.95","2,641.00","2,667.50","2,661.35","2,661.35","2,661.17","3,468.35","2,605.00","331,427","881,982,635.30","17,752"
1208,16-Aug-2018,EQ,"2,640.00","2,678.00","2,630.00","2,646.40","2,665.90","2,667.50","2,665.59","3,468.35","2,605.00","654,766","1,745,337,550.35","28,287"
1209,14-Aug-2018,EQ,"2,640.00","2,656.75","2,633.80","2,630.85","2,647.30","2,646.40","2,644.47","3,468.35","2,605.00","227,189","600,794,436.40","11,365"
1210,13-Aug-2018,EQ,"2,628.90","2,658.00","2,606.00","2,629.70","2,635.00","2,630.85","2,636.08","3,468.35","2,605.00","418,212","1,102,439,194.65","18,856"
1211,10-Aug-2018,EQ,"2,667.85","2,677.20","2,620.00","2,658.60","2,629.00","2,629.70","2,648.96","3,468.35","2,605.00","417,567","1,106,118,778.55","25,224"
1212,09-Aug-2018,EQ,"2,665.00","2,686.85","2,641.05","2,660.60","2,660.00","2,658.60","2,666.78","3,468.35","2,605.00","448,329","1,195,593,187.30","20,513"
1213,08-Aug-2018,EQ,"2,696.00","2,700.00","2,653.75","2,686.60","2,664.00","2,660.60","2,670.08","3,468.35","2,605.00","391,732","1,045,956,332.65","26,902"
1214,07-Aug-2018,EQ,"2,700.00","2,708.35","2,681.55","2,687.90","2,687.50","2,686.60","2,692.77","3,468.35","2,605.00","272,507","733,798,830.90","13,819"
1215,06-Aug-2018,EQ,"2,696.00","2,716.00","2,675.20","2,690.45","2,692.00","2,687.90","2,697.62","3,468.35","2,605.00","352,383","950,594,805.35","19,412"
1216,03-Aug-2018,EQ,"2,688.00","2,700.00","2,675.40","2,678.60","2,690.95","2,690.45","2,688.54","3,468.35","2,605.00","343,259","922,865,343.55","19,819"
1217,02-Aug-2018,EQ,"2,680.00","2,699.55","2,631.05","2,680.90","2,677.00","2,678.60","2,673.06","3,468.35","2,605.00","617,961","1,651,844,492.95","33,805"
1218,01-Aug-2018,EQ,"2,717.00","2,768.00","2,664.10","2,700.05","2,666.90","2,680.90","2,721.08","3,468.35","2,605.00","1,408,788","3,833,425,782.55","73,919"
1219,31-Jul-2018,EQ,"2,678.00","2,715.00","2,661.20","2,673.15","2,705.35","2,700.05","2,697.75","3,468.35","2,605.00","721,932","1,947,595,542.70","45,543"
1220,30-Jul-2018,EQ,"2,686.95","2,699.00","2,655.50","2,686.75","2,668.95","2,673.15","2,676.59","3,468.35","2,605.00","546,935","1,463,921,726.50","35,726"
1221,27-Jul-2018,EQ,"2,637.00","2,697.00","2,630.00","2,618.50","2,685.00","2,686.75","2,669.54","3,468.35","2,605.00","958,294","2,558,204,333.30","58,349"
1222,26-Jul-2018,EQ,"2,646.00","2,666.95","2,605.00","2,638.60","2,630.00","2,618.50","2,630.77","3,468.35","2,605.00","1,256,232","3,304,856,864.35","74,008"
1223,25-Jul-2018,EQ,"2,670.00","2,698.30","2,626.00","2,648.65","2,629.85","2,638.60","2,669.35","3,468.35","2,615.00","1,114,670","2,975,441,486.10","67,512"
1224,24-Jul-2018,EQ,"2,691.00","2,725.00","2,615.00","2,684.15","2,648.00","2,648.65","2,669.76","3,468.35","2,615.00","2,843,387","7,591,158,479.15","155,845"
1225,23-Jul-2018,EQ,"2,839.95","2,841.60","2,655.00","2,839.60","2,688.10","2,684.15","2,722.42","3,468.35","2,655.00","2,974,676","8,098,307,694.00","160,713"
1226,20-Jul-2018,EQ,"3,130.00","3,153.80","2,816.45","3,115.00","2,821.60","2,839.60","2,944.89","3,468.35","2,703.50","4,976,986","14,656,674,206.30","209,645"
1227,19-Jul-2018,EQ,"3,107.80","3,144.40","3,100.00","3,107.80","3,111.00","3,115.00","3,118.98","3,468.35","2,703.50","755,100","2,355,141,666.35","35,980"
1228,18-Jul-2018,EQ,"3,104.00","3,160.85","3,101.00","3,094.20","3,108.00","3,107.80","3,132.16","3,468.35","2,703.50","658,396","2,062,201,131.05","41,096"
1229,17-Jul-2018,EQ,"3,107.10","3,125.95","3,085.00","3,101.85","3,098.75","3,094.20","3,103.86","3,468.35","2,703.50","563,857","1,750,135,111.10","29,908"
1230,16-Jul-2018,EQ,"3,137.00","3,165.00","3,090.95","3,138.65","3,107.10","3,101.85","3,125.61","3,468.35","2,703.50","374,574","1,170,773,949.85","34,540"
1231,13-Jul-2018,EQ,"3,123.00","3,156.95","3,058.00","3,096.70","3,137.00","3,138.65","3,097.08","3,468.35","2,700.00","852,168","2,639,230,537.95","42,633"
1232,12-Jul-2018,EQ,"3,194.90","3,194.95","3,070.00","3,161.60","3,097.15","3,096.70","3,132.71","3,468.35","2,700.00","932,430","2,921,035,285.30","64,211"
1233,11-Jul-2018,EQ,"3,078.00","3,174.95","3,057.05","3,093.95","3,169.00","3,161.60","3,137.74","3,468.35","2,700.00","1,155,857","3,626,777,743.25","54,915"
1234,10-Jul-2018,EQ,"3,049.00","3,114.95","3,030.00","3,018.15","3,094.00","3,093.95","3,081.99","3,468.35","2,700.00","959,927","2,958,484,044.10","57,607"
1235,09-Jul-2018,EQ,"3,066.60","3,083.00","2,996.60","3,020.10","3,027.00","3,018.15","3,035.65","3,468.35","2,700.00","643,119","1,952,287,152.15","36,825"
1236,06-Jul-2018,EQ,"2,983.00","3,078.25","2,950.00","2,966.95","3,024.20","3,020.10","3,034.99","3,468.35","2,694.50","1,511,538","4,587,502,551.85","84,115"
1237,05-Jul-2018,EQ,"2,935.00","2,985.00","2,912.70","2,979.05","2,984.00","2,966.95","2,947.75","3,468.35","2,694.50","752,721","2,218,836,940.75","35,459"
1238,04-Jul-2018,EQ,"2,869.95","2,989.00","2,855.80","2,862.40","2,988.80","2,979.05","2,937.42","3,468.35","2,694.50","845,034","2,482,223,643.75","36,881"
1239,03-Jul-2018,EQ,"2,842.95","2,882.00","2,835.00","2,835.15","2,866.00","2,862.40","2,866.12","3,468.35","2,694.50","510,764","1,463,911,751.60","29,547"
1240,02-Jul-2018,EQ,"2,815.00","2,912.00","2,815.00","2,810.30","2,833.00","2,835.15","2,871.65","3,468.35","2,694.50","1,007,694","2,893,741,339.70","52,137"
1241,29-Jun-2018,EQ,"2,720.15","2,828.00","2,720.15","2,716.00","2,808.90","2,810.30","2,791.54","3,468.35","2,694.50","425,210","1,186,989,011.75","32,204"
1242,28-Jun-2018,EQ,"2,760.00","2,785.00","2,705.40","2,765.45","2,719.00","2,716.00","2,742.23","3,468.35","2,694.50","417,993","1,146,234,950.75","28,441"
1243,27-Jun-2018,EQ,"2,822.95","2,822.95","2,758.20","2,811.95","2,764.55","2,765.45","2,782.19","3,468.35","2,694.50","289,628","805,800,248.80","36,479"
1244,26-Jun-2018,EQ,"2,805.00","2,822.50","2,785.55","2,801.30","2,816.25","2,811.95","2,807.56","3,468.35","2,694.50","249,490","700,458,443.35","21,395"
1245,25-Jun-2018,EQ,"2,839.80","2,839.80","2,795.20","2,832.20","2,809.90","2,801.30","2,815.52","3,468.35","2,694.50","339,572","956,073,358.45","25,063"
1246,22-Jun-2018,EQ,"2,825.00","2,836.85","2,806.00","2,830.10","2,835.00","2,832.20","2,818.32","3,468.35","2,694.50","553,549","1,560,080,076.65","43,569"
1247,21-Jun-2018,EQ,"2,873.05","2,877.95","2,822.70","2,869.65","2,834.85","2,830.10","2,850.65","3,468.35","2,694.50","300,367","856,242,371.70","26,959"
1248,21-Jun-2018,EQ,"2,873.05","2,877.95","2,822.70","2,869.65","2,834.85","2,830.10","2,850.65","3,468.35","2,694.50","300,367","856,242,371.70","26,959"
1249,20-Jun-2018,EQ,"2,855.15","2,879.00","2,855.15","2,849.80","2,872.00","2,869.65","2,869.81","3,468.35","2,694.50","502,478","1,442,014,317.65","45,064"
1250,19-Jun-2018,EQ,"2,893.00","2,893.00","2,838.55","2,895.30","2,852.00","2,849.80","2,859.71","3,468.35","2,694.50","523,480","1,497,002,521.30","29,071"
1251,18-Jun-2018,EQ,"2,880.00","2,917.70","2,864.95","2,877.15","2,894.00","2,895.30","2,903.19","3,468.35","2,694.50","427,791","1,241,957,470.40","16,763"
1252,15-Jun-2018,EQ,"2,893.45","2,904.00","2,853.00","2,890.70","2,871.00","2,877.15","2,878.17","3,468.35","2,694.50","370,164","1,065,394,700.95","30,293"
1253,14-Jun-2018,EQ,"2,905.00","2,910.00","2,880.15","2,907.95","2,893.45","2,890.70","2,891.89","3,468.35","2,694.50","333,925","965,673,761.80","14,120"
1254,13-Jun-2018,EQ,"2,908.00","2,934.00","2,891.55","2,887.25","2,908.00","2,907.95","2,916.31","3,468.35","2,694.50","362,419","1,056,926,463.35","29,009"
1255,12-Jun-2018,EQ,"2,886.00","2,912.50","2,870.05","2,881.10","2,895.15","2,887.25","2,897.89","3,468.35","2,694.50","539,628","1,563,781,750.55","29,679"
1256,11-Jun-2018,EQ,"2,886.65","2,913.95","2,873.80","2,874.05","2,876.60","2,881.10","2,894.36","3,468.35","2,694.50","413,241","1,196,066,619.40","28,702"
1257,08-Jun-2018,EQ,"2,888.00","2,900.55","2,867.00","2,888.60","2,875.50","2,874.05","2,878.40","3,468.35","2,694.50","269,022","774,352,976.90","18,695"
1258,07-Jun-2018,EQ,"2,891.00","2,929.00","2,862.55","2,885.25","2,888.45","2,888.60","2,897.14","3,468.35","2,694.50","513,700","1,488,259,768.15","38,759"
1259,06-Jun-2018,EQ,"2,850.00","2,939.40","2,833.65","2,847.55","2,890.50","2,885.25","2,899.16","3,468.35","2,694.50","654,288","1,896,887,189.35","43,097"
1260,05-Jun-2018,EQ,"2,878.50","2,884.65","2,840.00","2,878.50","2,854.10","2,847.55","2,861.57","3,468.35","2,694.50","367,916","1,052,818,531.65","30,762"
1261,04-Jun-2018,EQ,"2,890.00","2,922.55","2,871.05","2,896.55","2,876.00","2,878.50","2,893.68","3,468.35","2,694.50","759,197","2,196,876,878.35","50,856"
1262,01-Jun-2018,EQ,"2,780.00","2,911.40","2,778.65","2,750.30","2,895.00","2,896.55","2,870.49","3,468.35","2,694.50","1,799,352","5,165,015,251.10","91,281"
1263,31-May-2018,EQ,"2,775.00","2,784.95","2,734.10","2,762.90","2,771.30","2,750.30","2,750.51","3,468.35","2,694.50","447,005","1,229,493,274.45","38,810"
1264,30-May-2018,EQ,"2,794.00","2,794.00","2,757.00","2,796.05","2,766.70","2,762.90","2,772.12","3,468.35","2,694.50","345,195","956,923,561.85","28,752"
1265,29-May-2018,EQ,"2,805.90","2,834.95","2,761.65","2,790.15","2,795.00","2,796.05","2,797.03","3,468.35","2,694.50","261,407","731,162,435.75","20,890"
1266,28-May-2018,EQ,"2,762.00","2,812.00","2,751.00","2,758.50","2,796.45","2,790.15","2,791.28","3,468.35","2,694.50","160,044","446,728,139.80","12,308"
1267,25-May-2018,EQ,"2,754.95","2,775.60","2,723.00","2,732.80","2,757.50","2,758.50","2,752.79","3,468.35","2,694.50","298,273","821,081,623.55","30,136"
1268,24-May-2018,EQ,"2,770.00","2,814.60","2,716.15","2,774.95","2,744.95","2,732.80","2,747.25","3,468.35","2,694.50","275,197","756,034,864.85","18,185"
1269,23-May-2018,EQ,"2,821.80","2,832.15","2,766.00","2,808.50","2,770.70","2,774.95","2,783.65","3,468.35","2,694.50","243,631","678,182,536.70","22,070"
1270,22-May-2018,EQ,"2,730.00","2,826.00","2,725.05","2,720.55","2,816.00","2,808.50","2,792.07","3,468.35","2,694.50","512,096","1,429,807,678.85","40,458"
1271,21-May-2018,EQ,"2,774.95","2,774.95","2,703.50","2,787.50","2,722.00","2,720.55","2,743.90","3,468.35","2,694.50","393,470","1,079,640,828.45","33,245"
1272,18-May-2018,EQ,"2,845.00","2,915.00","2,755.60","2,815.45","2,785.00","2,787.50","2,838.12","3,468.35","2,694.50","1,811,320","5,140,741,273.65","84,827"
1273,17-May-2018,EQ,"2,821.00","2,830.10","2,787.00","2,811.90","2,824.50","2,815.45","2,810.44","3,468.35","2,694.50","162,490","456,667,637.75","11,015"
1274,16-May-2018,EQ,"2,813.00","2,826.80","2,785.30","2,823.65","2,813.90","2,811.90","2,803.66","3,468.35","2,694.50","262,982","737,312,500.60","16,565"
1275,15-May-2018,EQ,"2,819.00","2,877.00","2,807.75","2,831.95","2,816.00","2,823.65","2,839.13","3,468.35","2,694.50","256,661","728,695,085.05","15,198"
1276,14-May-2018,EQ,"2,830.00","2,850.00","2,792.50","2,815.45","2,829.90","2,831.95","2,832.43","3,468.35","2,694.50","142,564","403,802,434.95","6,380"
1277,11-May-2018,EQ,"2,845.00","2,845.00","2,801.00","2,827.50","2,817.00","2,815.45","2,814.43","3,468.35","2,694.50","286,976","807,672,457.55","17,540"
1278,10-May-2018,EQ,"2,882.00","2,894.95","2,820.05","2,872.00","2,825.00","2,827.50","2,842.62","3,468.35","2,694.50","222,907","633,640,087.30","16,691"
1279,09-May-2018,EQ,"2,890.00","2,904.70","2,865.10","2,892.25","2,882.00","2,872.00","2,880.72","3,468.35","2,694.50","155,763","448,710,364.00","10,449"
1280,08-May-2018,EQ,"2,915.00","2,929.80","2,886.00","2,915.30","2,895.65","2,892.25","2,899.25","3,468.35","2,694.50","132,638","384,551,351.30","14,153"
1281,07-May-2018,EQ,"2,894.00","2,942.95","2,890.65","2,888.65","2,920.00","2,915.30","2,923.95","3,468.35","2,694.50","235,635","688,985,197.35","11,506"
1282,04-May-2018,EQ,"2,985.00","2,986.00","2,885.00","2,975.20","2,893.30","2,888.65","2,910.90","3,468.35","2,694.50","266,727","776,414,864.05","32,143"
1283,03-May-2018,EQ,"2,994.95","2,994.95","2,951.10","2,965.95","2,973.70","2,975.20","2,971.51","3,468.35","2,694.50","382,125","1,135,489,730.85","18,814"
1284,02-May-2018,EQ,"3,019.65","3,043.40","2,950.05","2,952.60","2,969.90","2,965.95","3,006.84","3,468.35","2,694.50","523,589","1,574,347,030.15","29,930"
1285,30-Apr-2018,EQ,"2,972.95","2,977.50","2,928.85","2,947.15","2,946.85","2,952.60","2,955.74","3,468.35","2,694.50","122,656","362,539,433.05","9,567"
1286,27-Apr-2018,EQ,"2,890.00","2,960.00","2,890.00","2,884.95","2,953.00","2,947.15","2,942.00","3,468.35","2,694.50","365,533","1,075,396,334.65","14,185"
1287,26-Apr-2018,EQ,"2,924.00","2,924.00","2,877.00","2,900.35","2,883.40","2,884.95","2,892.00","3,468.35","2,694.50","387,123","1,119,561,070.25","34,023"
1288,25-Apr-2018,EQ,"2,885.00","2,911.95","2,864.55","2,886.80","2,896.25","2,900.35","2,893.96","3,468.35","2,694.50","319,384","924,284,815.95","33,287"
1289,24-Apr-2018,EQ,"2,856.10","2,897.30","2,850.00","2,852.15","2,886.85","2,886.80","2,880.47","3,468.35","2,694.50","261,691","753,791,927.00","14,736"
1290,23-Apr-2018,EQ,"2,852.80","2,880.00","2,820.00","2,852.70","2,852.00","2,852.15","2,849.40","3,468.35","2,694.50","235,602","671,324,967.50","18,961"
1291,20-Apr-2018,EQ,"2,853.80","2,870.05","2,801.05","2,857.95","2,856.00","2,852.70","2,831.44","3,468.35","2,694.50","466,032","1,319,541,558.50","31,216"
1292,19-Apr-2018,EQ,"2,865.00","2,865.00","2,841.15","2,862.05","2,858.00","2,857.95","2,853.57","3,468.35","2,694.50","283,973","810,337,271.65","24,150"
1293,18-Apr-2018,EQ,"2,879.00","2,879.00","2,845.70","2,864.20","2,852.00","2,862.05","2,865.58","3,468.35","2,694.50","352,687","1,010,654,134.75","31,771"
1294,17-Apr-2018,EQ,"2,845.00","2,875.30","2,840.00","2,838.30","2,865.00","2,864.20","2,859.39","3,468.35","2,694.50","562,666","1,608,880,916.45","35,135"
1295,16-Apr-2018,EQ,"2,783.70","2,841.45","2,776.10","2,786.20","2,837.00","2,838.30","2,819.91","3,468.35","2,694.50","479,220","1,351,356,804.20","26,136"
1296,13-Apr-2018,EQ,"2,769.45","2,806.00","2,759.25","2,763.20","2,790.00","2,786.20","2,790.64","3,468.35","2,694.50","400,416","1,117,418,231.80","23,016"
1297,12-Apr-2018,EQ,"2,777.00","2,780.00","2,757.00","2,755.55","2,761.30","2,763.20","2,763.36","3,468.35","2,694.50","349,414","965,557,358.75","22,356"
1298,11-Apr-2018,EQ,"2,775.00","2,780.00","2,751.00","2,766.45","2,757.00","2,755.55","2,760.92","3,468.35","2,694.50","275,482","760,584,082.30","10,590"
1299,10-Apr-2018,EQ,"2,790.00","2,799.00","2,762.45","2,772.45","2,763.00","2,766.45","2,776.57","3,468.35","2,694.50","298,049","827,555,325.05","20,603"
1300,09-Apr-2018,EQ,"2,788.00","2,803.95","2,767.35","2,786.40","2,773.80","2,772.45","2,782.19","3,468.35","2,694.50","270,316","752,071,590.00","20,269"
1301,06-Apr-2018,EQ,"2,814.95","2,824.05","2,776.25","2,808.15","2,780.75","2,786.40","2,791.88","3,468.35","2,694.50","282,872","789,745,060.95","19,000"
1302,05-Apr-2018,EQ,"2,790.00","2,815.95","2,782.40","2,766.00","2,813.15","2,808.15","2,798.26","3,468.35","2,694.50","341,534","955,701,315.35","15,224"
1303,04-Apr-2018,EQ,"2,807.00","2,816.00","2,746.25","2,792.00","2,765.00","2,766.00","2,780.45","3,468.35","2,694.50","308,672","858,245,729.75","21,649"
1304,03-Apr-2018,EQ,"2,790.00","2,829.90","2,785.00","2,808.95","2,802.00","2,792.00","2,797.97","3,468.35","2,694.50","324,121","906,879,350.60","15,145"
1305,02-Apr-2018,EQ,"2,755.00","2,815.95","2,749.00","2,744.70","2,810.00","2,808.95","2,794.77","3,468.35","2,694.50","396,178","1,107,227,287.70","26,945"
1306,28-Mar-2018,EQ,"2,775.00","2,792.30","2,735.55","2,798.30","2,749.75","2,744.70","2,764.71","3,468.35","2,694.50","680,019","1,880,056,003.45","42,308"
1307,27-Mar-2018,EQ,"2,861.00","2,863.90","2,791.00","2,848.65","2,804.80","2,798.30","2,813.47","3,468.35","2,694.50","304,403","856,429,254.55","25,820"
1308,26-Mar-2018,EQ,"2,788.00","2,864.75","2,732.05","2,789.95","2,846.30","2,848.65","2,796.47","3,468.35","2,694.50","299,008","836,167,434.95","27,178"
1309,23-Mar-2018,EQ,"2,814.90","2,817.25","2,745.00","2,834.95","2,782.70","2,789.95","2,772.29","3,468.35","2,694.50","451,122","1,250,641,306.05","24,152"
1310,22-Mar-2018,EQ,"2,851.90","2,873.75","2,822.00","2,851.80","2,835.00","2,834.95","2,840.58","3,468.35","2,694.50","325,295","924,026,928.55","21,156"
1311,21-Mar-2018,EQ,"2,889.95","2,890.45","2,835.35","2,873.00","2,837.75","2,851.80","2,868.79","3,468.35","2,694.50","231,405","663,853,010.60","15,099"
1312,20-Mar-2018,EQ,"2,843.90","2,888.25","2,830.30","2,849.45","2,875.00","2,873.00","2,876.42","3,468.35","2,694.50","227,109","653,260,711.65","16,259"
1313,19-Mar-2018,EQ,"2,913.55","2,920.85","2,842.65","2,910.45","2,845.60","2,849.45","2,867.83","3,468.35","2,694.50","231,927","665,126,902.20","9,839"
1314,16-Mar-2018,EQ,"2,940.00","2,958.00","2,890.35","2,948.75","2,905.00","2,910.45","2,920.18","3,468.35","2,694.50","338,593","988,751,377.85","22,998"
1315,15-Mar-2018,EQ,"2,960.00","2,971.90","2,936.50","2,950.55","2,949.00","2,948.75","2,956.03","3,468.35","2,694.50","181,457","536,392,188.55","10,155"
1316,14-Mar-2018,EQ,"2,963.00","2,969.00","2,936.00","2,971.75","2,950.00","2,950.55","2,947.28","3,468.35","2,694.50","225,181","663,671,996.85","13,759"
1317,13-Mar-2018,EQ,"2,959.00","3,004.00","2,952.95","2,957.75","2,968.00","2,971.75","2,980.99","3,468.35","2,694.50","287,288","856,402,363.45","18,248"
1318,12-Mar-2018,EQ,"2,956.00","2,966.00","2,931.00","2,935.40","2,960.55","2,957.75","2,954.42","3,468.35","2,694.50","246,428","728,050,878.20","10,262"
1319,09-Mar-2018,EQ,"2,934.00","2,966.90","2,918.15","2,923.90","2,924.20","2,935.40","2,945.76","3,468.35","2,694.50","205,178","604,404,329.30","13,329"
1320,08-Mar-2018,EQ,"2,919.70","2,945.00","2,891.10","2,903.90","2,928.95","2,923.90","2,917.02","3,468.35","2,694.50","143,854","419,624,848.50","11,855"
1321,07-Mar-2018,EQ,"2,898.00","2,940.00","2,875.00","2,899.20","2,909.00","2,903.90","2,914.25","3,468.35","2,694.50","185,188","539,683,499.45","10,500"
1322,06-Mar-2018,EQ,"2,969.90","2,976.05","2,883.25","2,943.55","2,909.80","2,899.20","2,938.96","3,468.35","2,694.50","258,501","759,722,927.55","19,425"
1323,05-Mar-2018,EQ,"3,020.90","3,020.90","2,931.75","3,020.90","2,941.95","2,943.55","2,958.13","3,468.35","2,694.50","287,300","849,869,952.40","23,458"
1324,01-Mar-2018,EQ,"3,067.10","3,080.00","3,008.05","3,020.60","3,018.00","3,020.90","3,048.93","3,468.35","2,694.50","503,301","1,534,529,550.90","27,910"
1325,28-Feb-2018,EQ,"3,010.00","3,056.65","2,990.00","3,034.70","3,013.00","3,020.60","3,025.92","3,468.35","2,694.50","519,406","1,571,680,631.65","34,788"
1326,27-Feb-2018,EQ,"3,040.00","3,058.00","3,022.00","3,008.70","3,029.55","3,034.70","3,037.15","3,468.35","2,694.50","325,597","988,887,393.30","21,431"
1327,26-Feb-2018,EQ,"3,004.00","3,044.00","3,000.90","2,986.40","3,008.00","3,008.70","3,015.53","3,468.35","2,694.50","203,189","612,722,051.65","16,619"
1328,23-Feb-2018,EQ,"2,988.00","3,007.95","2,960.10","2,974.30","3,005.00","2,986.40","2,979.06","3,468.35","2,694.50","377,558","1,124,769,579.10","24,923"
1329,22-Feb-2018,EQ,"3,014.80","3,014.80","2,966.00","3,012.60","2,968.00","2,974.30","2,984.99","3,468.35","2,694.50","369,716","1,103,597,556.15","24,054"
1330,21-Feb-2018,EQ,"3,080.90","3,081.55","3,003.10","3,049.85","3,022.00","3,012.60","3,027.31","3,468.35","2,694.50","275,688","834,593,271.25","22,766"
1331,20-Feb-2018,EQ,"3,032.00","3,070.50","3,010.75","3,030.60","3,047.85","3,049.85","3,050.26","3,468.35","2,694.50","236,222","720,539,606.55","25,201"
1332,19-Feb-2018,EQ,"3,110.00","3,117.50","3,010.00","3,103.90","3,026.30","3,030.60","3,049.30","3,468.35","2,694.50","219,206","668,424,771.85","13,770"
1333,16-Feb-2018,EQ,"3,158.00","3,158.00","3,095.55","3,143.50","3,103.00","3,103.90","3,117.87","3,468.35","2,694.50","132,450","412,962,386.20","12,509"
1334,15-Feb-2018,EQ,"3,125.00","3,167.10","3,097.55","3,109.75","3,142.00","3,143.50","3,134.87","3,468.35","2,694.50","148,715","466,202,861.65","8,183"
1335,14-Feb-2018,EQ,"3,155.00","3,159.95","3,100.00","3,154.10","3,102.00","3,109.75","3,128.04","3,468.35","2,694.50","286,070","894,838,084.25","22,071"
1336,12-Feb-2018,EQ,"3,134.00","3,162.90","3,082.00","3,099.25","3,143.30","3,154.10","3,137.50","3,468.35","2,694.50","239,055","750,035,993.15","14,197"
1337,09-Feb-2018,EQ,"3,129.00","3,142.50","3,080.85","3,157.95","3,103.95","3,099.25","3,117.20","3,468.35","2,694.50","175,504","547,081,738.00","23,433"
1338,08-Feb-2018,EQ,"3,155.00","3,189.95","3,131.90","3,135.55","3,161.25","3,157.95","3,165.14","3,468.35","2,694.50","202,895","642,190,489.50","18,070"
1339,07-Feb-2018,EQ,"3,198.30","3,198.30","3,125.20","3,135.10","3,140.00","3,135.55","3,145.87","3,468.35","2,694.50","223,029","701,619,711.75","18,919"
1340,06-Feb-2018,EQ,"3,005.00","3,157.95","3,005.00","3,185.55","3,149.00","3,135.10","3,117.19","3,468.35","2,694.50","270,751","843,983,326.35","22,051"
1341,05-Feb-2018,EQ,"3,200.00","3,233.00","3,140.60","3,241.30","3,190.00","3,185.55","3,190.53","3,468.35","2,694.50","585,934","1,869,440,237.65","34,913"
1342,02-Feb-2018,EQ,"3,419.00","3,468.35","3,166.95","3,412.95","3,235.00","3,241.30","3,318.63","3,468.35","2,694.50","1,269,438","4,212,790,065.15","57,725"
1343,01-Feb-2018,EQ,"3,340.00","3,421.20","3,290.00","3,337.15","3,417.65","3,412.95","3,369.64","3,421.20","2,694.50","439,064","1,479,486,976.55","31,924"
1344,31-Jan-2018,EQ,"3,348.00","3,385.80","3,256.15","3,358.30","3,330.35","3,337.15","3,348.68","3,404.95","2,694.50","275,934","924,013,582.80","30,383"
1345,30-Jan-2018,EQ,"3,373.95","3,404.95","3,341.10","3,363.90","3,355.00","3,358.30","3,375.95","3,404.95","2,694.50","425,678","1,437,065,994.90","30,514"
1346,29-Jan-2018,EQ,"3,317.00","3,377.95","3,293.55","3,311.70","3,365.15","3,363.90","3,342.09","3,385.00","2,694.50","365,342","1,221,004,115.15","27,249"
1347,25-Jan-2018,EQ,"3,344.00","3,345.90","3,295.00","3,341.55","3,304.95","3,311.70","3,310.18","3,385.00","2,685.00","246,647","816,446,752.90","17,797"
1348,24-Jan-2018,EQ,"3,295.00","3,349.95","3,277.05","3,295.95","3,333.10","3,341.55","3,327.06","3,385.00","2,685.00","402,759","1,340,002,124.20","25,245"
1349,23-Jan-2018,EQ,"3,280.00","3,324.00","3,272.05","3,274.50","3,302.00","3,295.95","3,292.18","3,385.00","2,685.00","324,780","1,069,233,812.30","20,553"
1350,22-Jan-2018,EQ,"3,200.00","3,283.00","3,200.00","3,210.40","3,265.00","3,274.50","3,255.71","3,385.00","2,685.00","223,845","728,775,334.60","15,871"
1351,19-Jan-2018,EQ,"3,207.80","3,223.75","3,173.45","3,201.20","3,209.00","3,210.40","3,195.07","3,385.00","2,681.50","143,928","459,860,148.90","14,349"
1352,18-Jan-2018,EQ,"3,210.00","3,241.90","3,191.00","3,194.15","3,210.00","3,201.20","3,216.86","3,385.00","2,681.50","282,478","908,692,679.45","23,711"
1353,17-Jan-2018,EQ,"3,158.00","3,216.60","3,154.35","3,160.05","3,195.00","3,194.15","3,191.76","3,385.00","2,681.50","224,799","717,503,813.85","21,088"
1354,16-Jan-2018,EQ,"3,176.00","3,185.00","3,140.05","3,166.00","3,169.00","3,160.05","3,165.10","3,385.00","2,681.50","175,692","556,082,820.10","20,922"
1355,15-Jan-2018,EQ,"3,182.20","3,189.00","3,154.50","3,175.35","3,162.00","3,166.00","3,168.06","3,385.00","2,681.50","109,156","345,813,113.15","9,604"
1356,12-Jan-2018,EQ,"3,208.90","3,214.00","3,152.25","3,193.40","3,175.00","3,175.35","3,183.20","3,385.00","2,681.50","193,239","615,117,495.40","16,070"
1357,11-Jan-2018,EQ,"3,210.00","3,220.30","3,180.15","3,207.40","3,193.00","3,193.40","3,196.78","3,385.00","2,681.50","324,132","1,036,177,650.85","27,867"
1358,10-Jan-2018,EQ,"3,228.25","3,240.00","3,200.20","3,243.50","3,205.00","3,207.40","3,215.04","3,385.00","2,681.50","296,961","954,742,885.75","21,148"
1359,09-Jan-2018,EQ,"3,276.00","3,284.50","3,231.05","3,275.75","3,244.85","3,243.50","3,246.24","3,385.00","2,681.50","324,363","1,052,960,745.50","19,288"
1360,08-Jan-2018,EQ,"3,285.10","3,296.70","3,265.25","3,279.85","3,275.00","3,275.75","3,280.21","3,385.00","2,681.50","120,330","394,707,222.90","18,527"
1361,05-Jan-2018,EQ,"3,263.00","3,294.00","3,244.05","3,264.45","3,280.00","3,279.85","3,275.82","3,385.00","2,552.00","113,508","371,832,295.05","16,139"
1362,04-Jan-2018,EQ,"3,244.00","3,274.25","3,219.00","3,241.05","3,266.05","3,264.45","3,239.23","3,385.00","2,552.00","256,909","832,186,359.85","26,551"
1363,03-Jan-2018,EQ,"3,310.00","3,310.20","3,231.55","3,294.75","3,232.00","3,241.05","3,264.18","3,385.00","2,552.00","372,267","1,215,145,388.50","21,356"
1364,02-Jan-2018,EQ,"3,309.00","3,348.00","3,280.00","3,289.25","3,286.35","3,294.75","3,308.67","3,385.00","2,552.00","297,721","985,059,549.55","18,061"
1365,01-Jan-2018,EQ,"3,340.00","3,345.05","3,276.40","3,333.60","3,290.00","3,289.25","3,298.95","3,385.00","2,552.00","174,560","575,864,168.05","8,571"
1366,29-Dec-2017,EQ,"3,295.00","3,341.00","3,285.50","3,295.15","3,331.75","3,333.60","3,319.67","3,385.00","2,552.00","165,478","549,332,874.80","17,045"
1367,28-Dec-2017,EQ,"3,327.00","3,343.95","3,280.00","3,339.05","3,283.10","3,295.15","3,311.02","3,385.00","2,552.00","251,949","834,208,707.50","14,238"
1368,27-Dec-2017,EQ,"3,385.00","3,385.00","3,320.00","3,369.00","3,332.10","3,339.05","3,352.17","3,385.00","2,552.00","206,665","692,775,911.50","13,203"
1369,26-Dec-2017,EQ,"3,350.00","3,385.00","3,312.45","3,328.95","3,354.95","3,369.00","3,358.66","3,385.00","2,552.00","301,225","1,011,711,838.40","15,656"
1370,22-Dec-2017,EQ,"3,277.00","3,358.05","3,255.55","3,289.45","3,342.00","3,328.95","3,289.16","3,373.80","2,551.00","307,746","1,012,227,089.25","21,287"
1371,21-Dec-2017,EQ,"3,300.00","3,320.00","3,278.00","3,301.20","3,285.00","3,289.45","3,294.18","3,373.80","2,551.00","130,594","430,199,854.75","11,667"
1372,20-Dec-2017,EQ,"3,318.85","3,340.00","3,269.05","3,319.80","3,301.30","3,301.20","3,309.67","3,373.80","2,551.00","261,149","864,316,768.85","21,682"
1373,19-Dec-2017,EQ,"3,235.00","3,330.80","3,230.15","3,226.75","3,307.10","3,319.80","3,290.76","3,373.80","2,551.00","423,748","1,394,454,785.05","30,691"
1374,18-Dec-2017,EQ,"3,179.90","3,240.95","3,038.90","3,198.80","3,224.95","3,226.75","3,211.30","3,373.80","2,551.00","315,433","1,012,951,049.70","30,857"
1375,15-Dec-2017,EQ,"3,188.00","3,265.00","3,163.70","3,162.80","3,179.70","3,198.80","3,217.49","3,373.80","2,551.00","679,114","2,185,043,896.70","45,976"
1376,14-Dec-2017,EQ,"3,160.00","3,171.00","3,133.20","3,151.30","3,170.00","3,162.80","3,155.83","3,373.80","2,551.00","168,975","533,255,711.95","16,913"
1377,13-Dec-2017,EQ,"3,160.00","3,196.00","3,132.00","3,165.70","3,148.00","3,151.30","3,169.16","3,373.80","2,551.00","240,391","761,838,565.55","14,150"
1378,12-Dec-2017,EQ,"3,210.35","3,210.85","3,156.00","3,210.85","3,165.75","3,165.70","3,174.74","3,373.80","2,551.00","219,008","695,293,106.65","20,732"
1379,11-Dec-2017,EQ,"3,216.10","3,237.35","3,173.80","3,212.65","3,210.90","3,210.85","3,207.57","3,373.80","2,551.00","175,534","563,036,941.00","18,351"
1380,08-Dec-2017,EQ,"3,235.70","3,239.95","3,200.00","3,196.05","3,215.00","3,212.65","3,218.66","3,373.80","2,551.00","268,936","865,614,300.50","27,947"
1381,07-Dec-2017,EQ,"3,110.65","3,208.90","3,110.65","3,109.55","3,198.85","3,196.05","3,175.21","3,373.80","2,551.00","292,357","928,295,478.45","29,533"
1382,06-Dec-2017,EQ,"3,155.00","3,155.00","3,102.65","3,163.90","3,103.00","3,109.55","3,119.07","3,373.80","2,551.00","212,605","663,130,401.75","28,964"
1383,05-Dec-2017,EQ,"3,197.70","3,197.70","3,145.55","3,198.70","3,158.85","3,163.90","3,168.28","3,373.80","2,551.00","272,147","862,236,597.40","22,981"
1384,04-Dec-2017,EQ,"3,246.90","3,247.00","3,182.80","3,216.90","3,204.20","3,198.70","3,201.52","3,373.80","2,551.00","177,911","569,586,232.75","19,887"
1385,01-Dec-2017,EQ,"3,338.00","3,339.30","3,202.20","3,305.50","3,210.80","3,216.90","3,284.64","3,373.80","2,551.00","438,600","1,440,642,192.15","33,472"
1386,30-Nov-2017,EQ,"3,304.45","3,373.80","3,285.85","3,315.90","3,335.00","3,305.50","3,327.19","3,373.80","2,551.00","489,763","1,629,536,632.90","36,241"
1387,29-Nov-2017,EQ,"3,301.00","3,330.95","3,294.00","3,289.15","3,305.00","3,315.90","3,315.79","3,348.00","2,551.00","287,207","952,319,466.30","17,858"
1388,28-Nov-2017,EQ,"3,275.00","3,307.80","3,261.10","3,271.40","3,287.50","3,289.15","3,290.83","3,348.00","2,551.00","231,860","763,011,546.85","17,407"
1389,27-Nov-2017,EQ,"3,289.00","3,289.00","3,255.75","3,288.30","3,270.00","3,271.40","3,272.48","3,348.00","2,551.00","208,372","681,892,858.70","15,727"
1390,24-Nov-2017,EQ,"3,310.00","3,327.90","3,278.95","3,264.65","3,284.00","3,288.30","3,296.63","3,348.00","2,510.00","336,075","1,107,915,511.10","23,260"
1391,23-Nov-2017,EQ,"3,324.00","3,329.60","3,250.00","3,313.20","3,271.00","3,264.65","3,282.08","3,348.00","2,510.00","149,829","491,750,458.55","16,228"
1392,22-Nov-2017,EQ,"3,316.95","3,348.00","3,307.10","3,300.25","3,311.00","3,313.20","3,329.26","3,348.00","2,510.00","304,485","1,013,709,013.45","25,213"
1393,21-Nov-2017,EQ,"3,254.70","3,307.00","3,251.00","3,242.00","3,305.00","3,300.25","3,281.84","3,344.90","2,510.00","218,921","718,464,401.90","20,102"
1394,20-Nov-2017,EQ,"3,200.00","3,255.00","3,200.00","3,206.85","3,245.00","3,242.00","3,240.12","3,344.90","2,510.00","209,888","680,062,107.60","14,537"
1395,17-Nov-2017,EQ,"3,230.00","3,246.45","3,193.25","3,208.85","3,208.00","3,206.85","3,216.85","3,344.90","2,510.00","247,099","794,880,928.35","16,174"
1396,16-Nov-2017,EQ,"3,225.00","3,250.00","3,187.55","3,212.95","3,212.05","3,208.85","3,208.36","3,344.90","2,510.00","159,508","511,759,111.25","16,470"
1397,15-Nov-2017,EQ,"3,260.00","3,282.00","3,207.25","3,266.55","3,220.00","3,212.95","3,243.24","3,344.90","2,510.00","165,929","538,147,001.55","18,718"
1398,14-Nov-2017,EQ,"3,239.70","3,287.10","3,203.10","3,223.00","3,268.00","3,266.55","3,255.72","3,344.90","2,510.00","230,037","748,935,208.50","19,492"
1399,13-Nov-2017,EQ,"3,268.00","3,282.70","3,215.10","3,253.35","3,222.00","3,223.00","3,242.43","3,344.90","2,510.00","246,148","798,118,101.75","22,580"
1400,10-Nov-2017,EQ,"3,200.00","3,275.00","3,181.45","3,200.00","3,266.00","3,253.35","3,236.24","3,344.90","2,510.00","416,184","1,346,870,318.20","24,176"
1401,09-Nov-2017,EQ,"3,197.95","3,216.90","3,192.05","3,189.05","3,208.00","3,200.00","3,202.64","3,344.90","2,510.00","267,945","858,130,960.55","17,589"
1402,08-Nov-2017,EQ,"3,174.90","3,211.15","3,162.80","3,161.65","3,192.00","3,189.05","3,190.51","3,344.90","2,510.00","250,148","798,099,625.10","22,572"
1403,07-Nov-2017,EQ,"3,239.00","3,239.00","3,146.05","3,209.85","3,161.15","3,161.65","3,170.28","3,344.90","2,510.00","281,480","892,371,104.65","20,603"
1404,06-Nov-2017,EQ,"3,211.00","3,244.50","3,199.00","3,217.45","3,202.00","3,209.85","3,224.60","3,344.90","2,510.00","154,249","497,390,753.15","9,809"
1405,03-Nov-2017,EQ,"3,228.00","3,254.00","3,211.00","3,241.10","3,223.35","3,217.45","3,231.26","3,344.90","2,510.00","183,308","592,315,415.20","13,516"
1406,02-Nov-2017,EQ,"3,277.00","3,278.00","3,216.55","3,239.75","3,218.00","3,241.10","3,257.35","3,344.90","2,510.00","199,530","649,939,074.00","14,779"
1407,01-Nov-2017,EQ,"3,270.00","3,293.95","3,229.85","3,257.10","3,255.00","3,239.75","3,263.26","3,344.90","2,510.00","282,258","921,082,006.25","14,570"
1408,31-Oct-2017,EQ,"3,270.05","3,296.00","3,250.45","3,282.20","3,260.00","3,257.10","3,270.33","3,344.90","2,510.00","195,420","639,086,973.35","14,840"
1409,30-Oct-2017,EQ,"3,310.70","3,323.90","3,275.00","3,300.15","3,280.00","3,282.20","3,293.83","3,344.90","2,510.00","139,317","458,886,573.35","14,270"
1410,27-Oct-2017,EQ,"3,300.00","3,344.90","3,275.70","3,283.40","3,309.70","3,300.15","3,317.62","3,344.90","2,510.00","277,293","919,953,312.10","26,178"
1411,26-Oct-2017,EQ,"3,233.90","3,295.00","3,211.75","3,232.25","3,294.80","3,283.40","3,263.64","3,315.00","2,510.00","185,904","606,723,512.65","15,270"
1412,25-Oct-2017,EQ,"3,264.00","3,264.00","3,219.55","3,210.05","3,240.00","3,232.25","3,232.49","3,315.00","2,510.00","123,563","399,416,432.50","11,179"
1413,24-Oct-2017,EQ,"3,210.55","3,229.00","3,195.25","3,217.65","3,201.10","3,210.05","3,212.18","3,315.00","2,510.00","166,189","533,828,213.00","15,623"
1414,23-Oct-2017,EQ,"3,192.00","3,229.00","3,158.00","3,217.95","3,210.00","3,217.65","3,184.04","3,315.00","2,510.00","300,953","958,246,645.75","18,413"
1415,19-Oct-2017,EQ,"3,231.90","3,240.65","3,198.10","3,226.80","3,204.00","3,217.95","3,222.90","3,315.00","2,510.00","60,297","194,331,176.25","3,175"
1416,18-Oct-2017,EQ,"3,249.95","3,265.00","3,208.20","3,259.95","3,225.00","3,226.80","3,239.33","3,315.00","2,510.00","288,969","936,066,281.85","13,871"
1417,17-Oct-2017,EQ,"3,235.00","3,315.00","3,218.65","3,224.80","3,255.10","3,259.95","3,271.17","3,315.00","2,510.00","920,067","3,009,697,805.45","46,953"
1418,16-Oct-2017,EQ,"3,175.00","3,239.00","3,170.10","3,160.85","3,237.75","3,224.80","3,206.87","3,239.00","2,510.00","255,885","820,590,365.20","19,009"
1419,13-Oct-2017,EQ,"3,164.00","3,180.00","3,136.00","3,155.90","3,150.00","3,160.85","3,159.02","3,216.90","2,510.00","255,125","805,944,382.45","19,781"
1420,12-Oct-2017,EQ,"3,169.95","3,173.50","3,117.00","3,143.90","3,155.00","3,155.90","3,143.36","3,216.90","2,510.00","311,670","979,692,172.25","18,275"
1421,11-Oct-2017,EQ,"3,134.70","3,216.90","3,106.00","3,134.70","3,140.95","3,143.90","3,174.80","3,216.90","2,510.00","432,980","1,374,623,976.45","22,063"
1422,10-Oct-2017,EQ,"3,142.90","3,142.90","3,105.65","3,125.45","3,130.40","3,134.70","3,126.82","3,212.95","2,510.00","213,575","667,810,631.95","25,173"
1423,09-Oct-2017,EQ,"3,138.00","3,151.90","3,118.00","3,141.55","3,130.00","3,125.45","3,133.01","3,212.95","2,510.00","113,070","354,249,907.90","8,906"
1424,06-Oct-2017,EQ,"3,145.10","3,154.75","3,131.00","3,130.80","3,139.45","3,141.55","3,144.47","3,212.95","2,510.00","125,550","394,788,242.05","5,992"
1425,05-Oct-2017,EQ,"3,175.00","3,190.00","3,121.30","3,173.50","3,145.00","3,130.80","3,151.86","3,212.95","2,510.00","131,961","415,923,055.25","11,099"
1426,04-Oct-2017,EQ,"3,152.45","3,209.00","3,129.10","3,162.20","3,179.95","3,173.50","3,174.46","3,212.95","2,510.00","203,556","646,180,141.35","12,270"
1427,03-Oct-2017,EQ,"3,186.00","3,212.95","3,145.65","3,109.40","3,155.00","3,162.20","3,184.18","3,212.95","2,510.00","481,726","1,533,903,517.00","23,669"
1428,29-Sep-2017,EQ,"3,064.00","3,138.60","3,051.15","3,039.45","3,113.75","3,109.40","3,103.93","3,155.05","2,510.00","368,325","1,143,256,313.90","23,667"
1429,28-Sep-2017,EQ,"3,034.00","3,056.00","3,019.05","3,031.25","3,037.00","3,039.45","3,036.39","3,155.05","2,510.00","324,106","984,112,538.55","24,015"
1430,27-Sep-2017,EQ,"3,055.20","3,066.00","3,007.00","3,044.90","3,030.00","3,031.25","3,034.30","3,155.05","2,510.00","271,027","822,376,411.25","22,782"
1431,26-Sep-2017,EQ,"3,032.00","3,058.00","3,030.00","3,044.10","3,043.00","3,044.90","3,045.79","3,155.05","2,510.00","210,821","642,115,805.65","20,516"
1432,25-Sep-2017,EQ,"3,058.40","3,058.40","3,004.80","3,042.45","3,042.55","3,044.10","3,027.18","3,155.05","2,510.00","412,640","1,249,134,452.00","21,051"
1433,22-Sep-2017,EQ,"3,064.00","3,084.65","3,008.05","3,078.85","3,025.00","3,042.45","3,042.92","3,155.05","2,510.00","277,811","845,355,393.45","19,438"
1434,21-Sep-2017,EQ,"3,090.55","3,135.00","3,068.65","3,090.55","3,077.00","3,078.85","3,096.00","3,155.05","2,510.00","339,952","1,052,491,817.90","19,627"
1435,20-Sep-2017,EQ,"3,115.00","3,119.70","3,084.20","3,115.45","3,093.00","3,090.55","3,094.63","3,155.05","2,510.00","179,312","554,904,868.10","14,053"
1436,19-Sep-2017,EQ,"3,138.00","3,155.05","3,108.30","3,137.40","3,120.00","3,115.45","3,129.62","3,155.05","2,510.00","232,404","727,336,818.30","16,382"
1437,18-Sep-2017,EQ,"3,045.10","3,149.00","3,045.10","3,025.60","3,138.00","3,137.40","3,109.70","3,149.00","2,510.00","719,616","2,237,791,525.25","49,401"
1438,15-Sep-2017,EQ,"2,918.00","3,036.05","2,901.50","2,928.35","3,030.00","3,025.60","2,989.66","3,047.50","2,510.00","578,878","1,730,649,854.80","33,596"
1439,14-Sep-2017,EQ,"2,945.00","2,956.95","2,916.05","2,934.95","2,925.90","2,928.35","2,930.22","3,047.50","2,510.00","128,663","377,010,601.65","13,923"
1440,13-Sep-2017,EQ,"2,929.00","2,974.00","2,920.00","2,935.75","2,937.55","2,934.95","2,946.05","3,047.50","2,510.00","168,435","496,217,882.40","11,000"
1441,12-Sep-2017,EQ,"2,939.00","2,946.95","2,915.00","2,929.60","2,935.95","2,935.75","2,926.12","3,047.50","2,510.00","139,203","407,325,219.45","19,484"
1442,11-Sep-2017,EQ,"2,940.00","2,948.00","2,910.00","2,915.45","2,933.00","2,929.60","2,929.08","3,047.50","2,510.00","153,148","448,583,122.25","12,541"
1443,08-Sep-2017,EQ,"2,952.00","2,984.50","2,906.20","2,965.45","2,910.00","2,915.45","2,936.83","3,120.00","2,510.00","177,449","521,137,819.15","12,917"
1444,07-Sep-2017,EQ,"2,940.00","2,977.00","2,900.95","2,920.55","2,964.75","2,965.45","2,938.30","3,120.00","2,510.00","292,925","860,702,162.60","24,034"
1445,06-Sep-2017,EQ,"2,938.00","2,939.00","2,900.05","2,950.70","2,915.00","2,920.55","2,924.04","3,120.00","2,510.00","171,348","501,027,879.75","12,373"
1446,05-Sep-2017,EQ,"2,927.00","2,969.70","2,905.05","2,915.15","2,950.00","2,950.70","2,950.89","3,120.00","2,510.00","353,285","1,042,503,432.80","30,120"
1447,04-Sep-2017,EQ,"2,916.00","2,933.60","2,889.95","2,916.35","2,910.00","2,915.15","2,910.92","3,120.00","2,510.00","345,756","1,006,468,015.15","19,562"
1448,01-Sep-2017,EQ,"2,827.90","2,935.00","2,827.90","2,814.50","2,916.95","2,916.35","2,897.21","3,120.00","2,510.00","722,050","2,091,932,891.00","36,978"
1449,31-Aug-2017,EQ,"2,760.00","2,828.45","2,731.35","2,750.55","2,799.05","2,814.50","2,795.72","3,120.00","2,510.00","508,660","1,422,073,193.25","29,063"
1450,30-Aug-2017,EQ,"2,735.00","2,766.95","2,735.00","2,726.60","2,753.00","2,750.55","2,753.93","3,120.00","2,510.00","147,597","406,471,481.00","10,449"
1451,29-Aug-2017,EQ,"2,740.00","2,751.20","2,715.00","2,742.05","2,720.00","2,726.60","2,729.57","3,120.00","2,510.00","175,171","478,141,428.20","19,072"
1452,28-Aug-2017,EQ,"2,740.00","2,753.20","2,704.00","2,728.55","2,738.15","2,742.05","2,729.45","3,120.00","2,510.00","227,147","619,986,127.45","22,826"
1453,24-Aug-2017,EQ,"2,764.30","2,764.30","2,710.10","2,754.65","2,726.00","2,728.55","2,727.41","3,120.00","2,510.00","213,909","583,417,356.95","17,220"
1454,23-Aug-2017,EQ,"2,757.00","2,769.90","2,720.05","2,740.55","2,759.50","2,754.65","2,753.73","3,120.00","2,510.00","117,188","322,704,685.90","8,841"
1455,22-Aug-2017,EQ,"2,779.90","2,779.90","2,731.55","2,766.50","2,735.00","2,740.55","2,755.93","3,120.00","2,510.00","80,340","221,411,368.95","6,596"
1456,21-Aug-2017,EQ,"2,811.00","2,820.00","2,760.10","2,811.35","2,760.10","2,766.50","2,785.24","3,120.00","2,510.00","77,884","216,925,628.30","7,101"
1457,18-Aug-2017,EQ,"2,817.80","2,824.30","2,791.00","2,825.85","2,803.95","2,811.35","2,807.06","3,120.00","2,510.00","128,913","361,866,490.85","15,160"
1458,17-Aug-2017,EQ,"2,850.00","2,868.10","2,816.00","2,849.20","2,830.00","2,825.85","2,831.68","3,120.00","2,510.00","152,160","430,868,911.70","11,241"
1459,16-Aug-2017,EQ,"2,832.00","2,861.00","2,810.05","2,831.60","2,831.65","2,849.20","2,845.68","3,120.00","2,510.00","129,201","367,664,249.10","10,698"
1460,14-Aug-2017,EQ,"2,798.00","2,841.80","2,786.00","2,788.20","2,827.00","2,831.60","2,820.72","3,120.00","2,510.00","165,120","465,757,065.85","10,164"
1461,11-Aug-2017,EQ,"2,780.00","2,798.45","2,750.00","2,796.20","2,790.00","2,788.20","2,773.65","3,120.00","2,510.00","321,890","892,811,501.00","10,210"
1462,10-Aug-2017,EQ,"2,818.00","2,831.15","2,761.00","2,831.15","2,808.80","2,796.20","2,794.82","3,120.00","2,510.00","497,306","1,389,879,182.05","15,739"
1463,09-Aug-2017,EQ,"2,919.50","2,929.05","2,807.10","2,911.60","2,820.00","2,831.15","2,859.33","3,120.00","2,510.00","305,248","872,805,630.10","20,064"
1464,08-Aug-2017,EQ,"2,890.00","2,981.00","2,876.00","2,889.25","2,920.00","2,911.60","2,941.22","3,120.00","2,510.00","763,401","2,245,331,490.85","44,738"
1465,07-Aug-2017,EQ,"2,875.00","2,903.55","2,868.35","2,874.65","2,890.00","2,889.25","2,887.34","3,120.00","2,510.00","169,287","488,789,893.85","10,359"
1466,04-Aug-2017,EQ,"2,824.00","2,900.00","2,811.15","2,834.25","2,873.65","2,874.65","2,864.71","3,120.00","2,510.00","257,208","736,827,058.05","14,629"
1467,03-Aug-2017,EQ,"2,805.00","2,838.70","2,800.05","2,802.90","2,834.00","2,834.25","2,823.68","3,120.00","2,510.00","325,945","920,363,696.75","20,500"
1468,02-Aug-2017,EQ,"2,789.95","2,817.70","2,786.00","2,823.40","2,799.75","2,802.90","2,799.72","3,120.00","2,510.00","298,840","836,668,955.00","22,397"
1469,01-Aug-2017,EQ,"2,812.00","2,830.50","2,798.05","2,808.55","2,826.00","2,823.40","2,818.51","3,120.00","2,510.00","190,726","537,562,371.25","10,345"
1470,31-Jul-2017,EQ,"2,845.00","2,845.00","2,785.00","2,828.15","2,812.00","2,808.55","2,805.57","3,120.00","2,510.00","173,664","487,226,829.75","15,597"
1471,28-Jul-2017,EQ,"2,810.00","2,867.00","2,804.45","2,840.30","2,831.00","2,828.15","2,821.99","3,120.00","2,510.00","136,729","385,848,391.85","9,727"
1472,27-Jul-2017,EQ,"2,849.50","2,869.10","2,825.05","2,841.35","2,852.40","2,840.30","2,845.94","3,120.00","2,510.00","306,789","873,103,355.75","15,096"
1473,26-Jul-2017,EQ,"2,846.00","2,852.80","2,829.20","2,847.70","2,845.00","2,841.35","2,838.16","3,120.00","2,510.00","252,553","716,785,033.30","17,301"
1474,25-Jul-2017,EQ,"2,840.00","2,862.40","2,819.25","2,826.75","2,840.00","2,847.70","2,844.78","3,120.00","2,510.00","220,402","626,995,708.95","18,849"
1475,24-Jul-2017,EQ,"2,815.00","2,834.95","2,802.20","2,815.80","2,819.05","2,826.75","2,821.23","3,120.00","2,510.00","204,810","577,816,344.95","15,243"
1476,21-Jul-2017,EQ,"2,818.60","2,840.70","2,806.35","2,818.60","2,815.00","2,815.80","2,820.40","3,120.00","2,510.00","319,397","900,827,235.90","28,279"
1477,20-Jul-2017,EQ,"2,823.40","2,855.85","2,800.10","2,823.70","2,816.00","2,818.60","2,825.28","3,120.00","2,510.00","675,692","1,909,017,702.10","35,494"
1478,19-Jul-2017,EQ,"2,834.00","2,835.00","2,802.40","2,831.75","2,834.95","2,823.70","2,816.76","3,120.00","2,510.00","247,730","697,796,521.30","17,777"
1479,18-Jul-2017,EQ,"2,827.80","2,847.90","2,818.00","2,821.25","2,831.00","2,831.75","2,829.11","3,120.00","2,510.00","195,878","554,159,484.30","10,415"
1480,17-Jul-2017,EQ,"2,819.85","2,828.55","2,800.00","2,809.80","2,826.20","2,821.25","2,816.30","3,120.00","2,510.00","134,022","377,445,775.65","11,368"
1481,14-Jul-2017,EQ,"2,800.00","2,816.90","2,767.55","2,789.75","2,811.20","2,809.80","2,799.93","3,120.00","2,510.00","150,816","422,273,738.70","8,965"
1482,13-Jul-2017,EQ,"2,795.00","2,806.75","2,780.45","2,785.85","2,788.85","2,789.75","2,789.87","3,120.00","2,510.00","303,857","847,720,580.60","15,454"
1483,12-Jul-2017,EQ,"2,801.00","2,818.00","2,774.30","2,792.75","2,788.00","2,785.85","2,786.60","3,120.00","2,510.00","288,437","803,759,941.80","19,847"
1484,11-Jul-2017,EQ,"2,735.70","2,803.00","2,735.70","2,730.65","2,798.05","2,792.75","2,772.95","3,120.00","2,510.00","393,672","1,091,630,821.30","21,387"
1485,10-Jul-2017,EQ,"2,844.00","2,844.00","2,700.00","2,708.25","2,731.00","2,730.65","2,729.47","3,120.00","2,510.00","20,831","56,857,642.95","1,050"
1486,07-Jul-2017,EQ,"2,716.00","2,733.00","2,694.50","2,728.60","2,710.00","2,708.25","2,704.16","3,120.00","2,510.00","290,037","784,306,294.30","20,497"
1487,06-Jul-2017,EQ,"2,734.00","2,741.00","2,722.90","2,771.25","2,726.00","2,728.60","2,730.27","3,120.00","2,510.00","488,894","1,334,810,349.50","33,100"
1488,05-Jul-2017,EQ,"2,761.30","2,784.45","2,751.00","2,769.65","2,773.00","2,771.25","2,766.78","3,120.00","2,510.00","251,283","695,245,261.95","9,597"
1489,04-Jul-2017,EQ,"2,790.00","2,790.00","2,755.00","2,789.35","2,779.60","2,769.65","2,766.04","3,120.00","2,510.00","331,944","918,169,734.45","11,738"
1490,03-Jul-2017,EQ,"2,769.00","2,793.50","2,750.55","2,791.20","2,793.50","2,789.35","2,776.51","3,120.00","2,510.00","335,713","932,111,876.30","19,168"
1491,30-Jun-2017,EQ,"2,796.00","2,799.70","2,764.45","2,801.30","2,790.00","2,791.20","2,783.37","3,120.00","2,510.00","266,443","741,610,532.25","21,250"
1492,29-Jun-2017,EQ,"2,787.80","2,812.00","2,779.25","2,777.05","2,809.00","2,801.30","2,798.13","3,120.00","2,510.00","224,331","627,706,568.15","9,799"
1493,28-Jun-2017,EQ,"2,789.00","2,801.00","2,770.20","2,779.30","2,784.50","2,777.05","2,778.36","3,120.00","2,510.00","284,660","790,886,912.20","11,631"
1494,27-Jun-2017,EQ,"2,828.45","2,829.15","2,761.00","2,824.30","2,785.00","2,779.30","2,779.88","3,120.00","2,510.00","322,785","897,304,837.35","18,502"
1495,23-Jun-2017,EQ,"2,850.00","2,850.45","2,817.00","2,845.70","2,827.00","2,824.30","2,828.19","3,120.00","2,510.00","154,968","438,278,949.85","14,635"
1496,22-Jun-2017,EQ,"2,817.50","2,851.00","2,807.35","2,817.50","2,850.00","2,845.70","2,840.63","3,120.00","2,510.00","223,966","636,204,561.30","19,533"
1497,21-Jun-2017,EQ,"2,812.00","2,828.10","2,790.50","2,815.30","2,815.60","2,817.50","2,810.89","3,120.00","2,510.00","143,712","403,959,056.10","18,024"
1498,21-Jun-2017,EQ,"2,812.00","2,828.10","2,790.50","2,815.30","2,815.60","2,817.50","2,810.89","3,120.00","2,510.00","143,712","403,959,056.10","18,024"
1499,20-Jun-2017,EQ,"2,810.00","2,827.95","2,806.50","2,827.75","2,815.00","2,815.30","2,815.98","3,120.00","2,510.00","274,896","774,101,318.70","24,954"
1500,19-Jun-2017,EQ,"2,855.00","2,894.00","2,815.00","2,809.80","2,815.30","2,827.75","2,849.18","3,120.00","2,510.00","500,836","1,426,970,189.40","38,608"
1501,16-Jun-2017,EQ,"2,815.00","2,829.70","2,801.40","2,814.40","2,806.00","2,809.80","2,814.16","3,120.00","2,510.00","209,497","589,557,369.15","18,072"
1502,15-Jun-2017,EQ,"2,819.00","2,848.20","2,808.55","2,825.15","2,810.00","2,814.40","2,820.91","3,120.00","2,510.00","131,874","372,004,760.10","10,842"
1503,14-Jun-2017,EQ,"2,800.00","2,838.95","2,800.00","2,834.90","2,820.00","2,825.15","2,825.03","3,120.00","2,510.00","157,837","445,893,936.85","19,045"
1504,13-Jun-2017,EQ,"2,825.00","2,857.00","2,821.70","2,824.60","2,830.45","2,834.90","2,842.32","3,120.00","2,510.00","146,666","416,871,803.75","13,126"
1505,12-Jun-2017,EQ,"2,855.15","2,866.40","2,818.45","2,865.80","2,830.95","2,824.60","2,838.73","3,120.00","2,510.00","365,323","1,037,053,430.10","23,240"
1506,09-Jun-2017,EQ,"2,872.00","2,879.00","2,832.55","2,868.15","2,861.25","2,865.80","2,861.77","3,120.00","2,510.00","178,737","511,504,129.75","15,325"
1507,08-Jun-2017,EQ,"2,872.20","2,895.00","2,863.20","2,876.00","2,871.70","2,868.15","2,870.61","3,120.00","2,510.00","142,325","408,558,986.70","13,565"
1508,07-Jun-2017,EQ,"2,852.00","2,897.55","2,852.00","2,873.55","2,875.00","2,876.00","2,877.75","3,120.00","2,510.00","131,500","378,424,308.20","24,464"
1509,06-Jun-2017,EQ,"2,900.00","2,920.00","2,863.00","2,898.40","2,873.75","2,873.55","2,880.11","3,120.00","2,510.00","136,966","394,477,125.90","9,782"
1510,05-Jun-2017,EQ,"2,850.00","2,930.45","2,850.00","2,852.85","2,895.30","2,898.40","2,907.03","3,120.00","2,510.00","297,406","864,568,196.80","17,246"
1511,02-Jun-2017,EQ,"2,804.00","2,870.00","2,772.85","2,839.35","2,869.25","2,852.85","2,820.00","3,120.00","2,510.00","381,642","1,076,231,872.50","24,208"
1512,01-Jun-2017,EQ,"2,848.00","2,888.25","2,828.30","2,845.95","2,835.70","2,839.35","2,860.44","3,120.00","2,510.00","246,574","705,310,539.40","16,196"
1513,31-May-2017,EQ,"2,850.00","2,866.00","2,835.00","2,851.40","2,839.60","2,845.95","2,852.22","3,120.00","2,510.00","430,019","1,226,506,677.95","40,821"
1514,30-May-2017,EQ,"2,837.00","2,863.95","2,822.00","2,837.95","2,859.90","2,851.40","2,846.26","3,120.00","2,510.00","98,514","280,396,777.70","11,343"
1515,29-May-2017,EQ,"2,813.00","2,850.90","2,787.75","2,814.10","2,844.00","2,837.95","2,817.52","3,120.00","2,510.00","155,372","437,763,686.65","14,463"
1516,26-May-2017,EQ,"2,820.00","2,835.00","2,797.05","2,822.80","2,808.00","2,814.10","2,816.35","3,120.00","2,364.35","237,938","670,117,076.45","21,031"
1517,25-May-2017,EQ,"2,764.00","2,833.75","2,760.90","2,764.30","2,824.00","2,822.80","2,791.93","3,120.00","2,364.35","389,540","1,087,567,692.55","26,354"
1518,24-May-2017,EQ,"2,815.00","2,866.35","2,750.00","2,824.95","2,780.00","2,764.30","2,802.20","3,120.00","2,364.35","307,723","862,302,730.70","26,127"
1519,23-May-2017,EQ,"2,928.00","2,928.00","2,812.00","2,914.15","2,812.50","2,824.95","2,853.48","3,120.00","2,364.35","482,580","1,377,032,636.30","36,140"
1520,22-May-2017,EQ,"2,987.70","3,003.95","2,900.50","2,972.65","2,910.00","2,914.15","2,938.12","3,120.00","2,364.35","209,411","615,275,179.90","16,602"
1521,19-May-2017,EQ,"2,973.35","3,019.00","2,946.10","2,973.10","2,970.10","2,972.65","2,978.47","3,120.00","2,364.35","246,957","735,553,435.75","20,552"
1522,18-May-2017,EQ,"3,018.00","3,033.00","2,962.05","3,039.70","2,965.00","2,973.10","3,001.89","3,120.00","2,364.35","513,008","1,539,993,061.30","25,922"
1523,17-May-2017,EQ,"3,001.25","3,047.50","3,001.25","3,024.00","3,041.00","3,039.70","3,030.77","3,120.00","2,364.35","303,412","919,572,317.80","31,169"
1524,16-May-2017,EQ,"2,992.20","3,029.00","2,967.10","2,999.70","3,015.50","3,024.00","3,005.34","3,120.00","2,364.35","159,021","477,911,738.85","11,876"
1525,15-May-2017,EQ,"3,005.00","3,022.85","2,985.10","3,004.80","2,998.25","2,999.70","3,004.86","3,120.00","2,364.35","106,401","319,720,339.85","9,321"
1526,12-May-2017,EQ,"3,005.00","3,018.45","2,970.00","2,998.45","3,000.00","3,004.80","3,008.01","3,120.00","2,364.35","414,871","1,247,935,236.85","23,218"
1527,11-May-2017,EQ,"2,905.30","3,005.45","2,897.05","2,904.80","2,993.70","2,998.45","2,968.84","3,120.00","2,364.35","416,000","1,235,038,689.00","42,762"
1528,10-May-2017,EQ,"2,880.00","2,908.95","2,858.10","2,873.15","2,905.00","2,904.80","2,894.98","3,120.00","2,364.35","150,174","434,750,245.85","15,012"
1529,09-May-2017,EQ,"2,864.25","2,887.30","2,835.00","2,856.95","2,874.95","2,873.15","2,873.20","3,120.00","2,364.35","274,565","788,880,191.25","21,834"
1530,08-May-2017,EQ,"2,899.95","2,908.40","2,851.00","2,887.65","2,853.05","2,856.95","2,872.98","3,120.00","2,364.35","140,340","403,193,446.20","13,226"
1531,05-May-2017,EQ,"2,939.85","2,939.85","2,882.00","2,942.55","2,882.00","2,887.65","2,908.36","3,120.00","2,364.35","146,931","427,328,020.05","20,586"
1532,04-May-2017,EQ,"2,947.60","2,947.60","2,919.00","2,933.25","2,940.00","2,942.55","2,934.30","3,120.00","2,364.35","183,545","538,575,511.35","22,824"
1533,03-May-2017,EQ,"2,909.60","2,943.90","2,901.55","2,898.00","2,928.10","2,933.25","2,926.67","3,120.00","2,364.35","176,248","515,819,561.00","12,232"
1534,02-May-2017,EQ,"2,873.60","2,920.00","2,873.60","2,864.00","2,900.00","2,898.00","2,900.91","3,120.00","2,364.35","154,197","447,311,180.95","21,402"
1535,28-Apr-2017,EQ,"2,865.00","2,902.00","2,854.10","2,866.05","2,871.00","2,864.00","2,877.75","3,120.00","2,364.35","136,681","393,333,082.10","9,271"
1536,27-Apr-2017,EQ,"2,870.15","2,914.95","2,852.00","2,885.45","2,858.70","2,866.05","2,877.81","3,120.00","2,364.35","312,224","898,521,302.55","16,996"
1537,26-Apr-2017,EQ,"2,915.00","2,915.00","2,858.75","2,896.80","2,877.60","2,885.45","2,888.38","3,120.00","2,364.35","165,523","478,092,596.05","14,949"
1538,25-Apr-2017,EQ,"2,876.00","2,900.00","2,851.55","2,867.75","2,882.60","2,896.80","2,876.09","3,120.00","2,364.35","272,704","784,320,544.00","16,933"
1539,24-Apr-2017,EQ,"2,827.25","2,871.20","2,810.15","2,824.30","2,869.95","2,867.75","2,847.21","3,120.00","2,364.35","172,269","490,486,802.35","9,189"
1540,21-Apr-2017,EQ,"2,827.15","2,843.20","2,814.40","2,831.50","2,825.95","2,824.30","2,831.15","3,120.00","2,364.35","169,580","480,107,013.95","11,957"
1541,20-Apr-2017,EQ,"2,805.00","2,848.45","2,799.95","2,808.70","2,830.00","2,831.50","2,828.48","3,120.00","2,364.35","127,818","361,530,112.10","10,828"
1542,19-Apr-2017,EQ,"2,820.20","2,831.00","2,788.05","2,824.40","2,817.65","2,808.70","2,808.90","3,120.00","2,364.35","142,477","400,204,290.85","15,890"
1543,18-Apr-2017,EQ,"2,849.00","2,862.70","2,800.00","2,852.15","2,810.20","2,824.40","2,841.87","3,120.00","2,364.35","272,356","773,999,466.45","26,168"
1544,17-Apr-2017,EQ,"2,844.90","2,858.75","2,823.55","2,848.15","2,847.50","2,852.15","2,848.43","3,120.00","2,364.35","145,680","414,958,900.05","12,339"
1545,13-Apr-2017,EQ,"2,844.45","2,868.50","2,840.00","2,839.50","2,841.00","2,848.15","2,852.64","3,120.00","2,364.35","372,385","1,062,278,901.30","14,520"
1546,12-Apr-2017,EQ,"2,820.00","2,849.50","2,807.00","2,822.45","2,836.00","2,839.50","2,827.47","3,120.00","2,364.35","324,376","917,163,499.80","18,298"
1547,11-Apr-2017,EQ,"2,816.15","2,834.75","2,804.05","2,837.00","2,820.00","2,822.45","2,820.99","3,120.00","2,364.35","266,234","751,044,691.60","11,102"
1548,10-Apr-2017,EQ,"2,855.00","2,857.45","2,822.00","2,830.45","2,835.00","2,837.00","2,837.07","3,120.00","2,364.35","128,113","363,465,972.85","7,718"
1549,07-Apr-2017,EQ,"2,808.00","2,845.95","2,795.40","2,806.30","2,827.05","2,830.45","2,829.00","3,120.00","2,350.50","413,979","1,171,147,549.30","25,444"
1550,06-Apr-2017,EQ,"2,787.85","2,815.00","2,781.05","2,760.85","2,807.00","2,806.30","2,801.06","3,120.00","2,350.50","373,610","1,046,504,286.70","22,585"
1551,05-Apr-2017,EQ,"2,786.50","2,798.95","2,754.75","2,783.60","2,763.75","2,760.85","2,772.43","3,120.00","2,350.50","407,700","1,130,319,616.15","28,345"
1552,03-Apr-2017,EQ,"2,808.40","2,837.50","2,775.00","2,805.45","2,791.00","2,783.60","2,788.26","3,120.00","2,350.50","247,337","689,639,564.65","12,386"
1553,31-Mar-2017,EQ,"2,822.50","2,832.70","2,800.00","2,822.85","2,806.00","2,805.45","2,814.22","3,120.00","2,332.00","227,360","639,840,695.75","29,512"
1554,30-Mar-2017,EQ,"2,840.05","2,847.00","2,815.00","2,831.10","2,820.00","2,822.85","2,828.36","3,120.00","2,332.00","369,748","1,045,780,393.35","22,573"
1555,29-Mar-2017,EQ,"2,827.80","2,850.00","2,796.55","2,824.85","2,824.00","2,831.10","2,827.43","3,120.00","2,332.00","507,170","1,433,986,375.80","24,830"
1556,28-Mar-2017,EQ,"2,820.00","2,838.70","2,810.05","2,808.40","2,831.40","2,824.85","2,820.23","3,120.00","2,332.00","97,374","274,617,163.05","13,278"
1557,27-Mar-2017,EQ,"2,845.70","2,853.00","2,795.10","2,843.00","2,818.80","2,808.40","2,821.59","3,120.00","2,332.00","242,914","685,403,167.35","9,718"
1558,24-Mar-2017,EQ,"2,880.00","2,880.00","2,835.05","2,865.95","2,839.00","2,843.00","2,851.41","3,120.00","2,289.40","218,228","622,257,304.30","19,349"
1559,23-Mar-2017,EQ,"2,848.25","2,875.00","2,848.25","2,853.80","2,861.00","2,865.95","2,864.24","3,120.00","2,289.40","364,883","1,045,112,182.10","13,730"
1560,22-Mar-2017,EQ,"2,890.25","2,904.10","2,845.15","2,906.85","2,850.00","2,853.80","2,866.74","3,120.00","2,289.40","376,780","1,080,128,580.90","34,892"
1561,21-Mar-2017,EQ,"2,926.60","2,930.15","2,890.10","2,923.55","2,910.00","2,906.85","2,904.35","3,120.00","2,289.40","214,599","623,270,205.00","13,034"
1562,20-Mar-2017,EQ,"2,916.15","2,932.50","2,905.15","2,912.50","2,920.00","2,923.55","2,921.32","3,120.00","2,289.40","190,575","556,729,958.25","11,522"
1563,17-Mar-2017,EQ,"2,945.90","2,948.70","2,890.15","2,936.40","2,908.75","2,912.50","2,911.16","3,120.00","2,213.00","296,053","861,858,012.55","27,435"
1564,16-Mar-2017,EQ,"2,881.30","2,944.90","2,862.50","2,873.10","2,940.00","2,936.40","2,902.30","3,120.00","2,213.00","431,866","1,253,405,227.95","22,921"
1565,15-Mar-2017,EQ,"2,869.70","2,890.00","2,856.05","2,866.70","2,879.90","2,873.10","2,878.90","3,120.00","2,213.00","221,254","636,968,520.00","13,364"
1566,14-Mar-2017,EQ,"2,902.00","2,910.00","2,854.05","2,864.55","2,867.10","2,866.70","2,871.27","3,120.00","2,213.00","309,456","888,533,248.80","22,831"
1567,10-Mar-2017,EQ,"2,876.80","2,889.90","2,853.25","2,870.70","2,863.00","2,864.55","2,876.41","3,120.00","2,213.00","114,745","330,053,937.55","7,592"
1568,09-Mar-2017,EQ,"2,860.00","2,884.95","2,852.00","2,869.95","2,866.00","2,870.70","2,868.04","3,120.00","2,213.00","156,617","449,183,220.85","10,460"
1569,08-Mar-2017,EQ,"2,880.40","2,882.90","2,851.10","2,879.45","2,870.00","2,869.95","2,864.86","3,120.00","2,213.00","174,051","498,631,236.70","10,317"
1570,07-Mar-2017,EQ,"2,885.40","2,893.00","2,870.50","2,883.10","2,875.05","2,879.45","2,880.95","3,120.00","2,213.00","194,245","559,609,734.15","9,791"
1571,06-Mar-2017,EQ,"2,844.90","2,896.00","2,842.70","2,832.80","2,885.70","2,883.10","2,868.89","3,120.00","2,213.00","400,007","1,147,574,591.00","28,848"
1572,03-Mar-2017,EQ,"2,835.00","2,839.00","2,807.00","2,832.05","2,830.00","2,832.80","2,823.71","3,120.00","2,171.95","186,815","527,511,762.50","13,698"
1573,02-Mar-2017,EQ,"2,805.50","2,844.80","2,791.55","2,769.00","2,835.00","2,832.05","2,826.06","3,120.00","2,171.95","705,809","1,994,661,865.85","27,517"
1574,01-Mar-2017,EQ,"2,756.00","2,795.00","2,752.05","2,755.90","2,770.00","2,769.00","2,774.01","3,120.00","2,171.95","283,157","785,481,581.95","15,779"
1575,28-Feb-2017,EQ,"2,788.00","2,804.25","2,751.00","2,795.05","2,751.10","2,755.90","2,766.32","3,120.00","2,171.95","280,728","776,583,165.10","20,368"
1576,27-Feb-2017,EQ,"2,810.00","2,845.00","2,783.55","2,814.10","2,791.00","2,795.05","2,822.42","3,120.00","2,171.95","318,398","898,653,837.70","18,955"
1577,23-Feb-2017,EQ,"2,805.00","2,824.45","2,786.00","2,799.75","2,811.00","2,814.10","2,812.70","3,120.00","2,171.95","605,474","1,703,017,296.20","21,706"
1578,22-Feb-2017,EQ,"2,793.50","2,808.50","2,777.05","2,799.25","2,798.00","2,799.75","2,794.64","3,120.00","2,171.95","422,928","1,181,932,413.85","32,065"
1579,21-Feb-2017,EQ,"2,792.00","2,806.00","2,774.20","2,791.50","2,794.90","2,799.25","2,790.24","3,120.00","2,171.95","100,217","279,629,340.40","10,117"
1580,20-Feb-2017,EQ,"2,784.40","2,821.45","2,764.40","2,778.90","2,785.30","2,791.50","2,799.18","3,120.00","2,171.95","155,317","434,760,461.70","12,044"
1581,17-Feb-2017,EQ,"2,773.00","2,792.00","2,751.00","2,783.65","2,784.40","2,778.90","2,776.72","3,120.00","2,171.95","437,855","1,215,800,282.35","15,542"
1582,16-Feb-2017,EQ,"2,799.00","2,799.00","2,765.00","2,789.60","2,783.00","2,783.65","2,778.53","3,120.00","2,171.95","235,740","655,010,142.80","19,624"
1583,15-Feb-2017,EQ,"2,779.60","2,802.30","2,765.05","2,778.10","2,790.00","2,789.60","2,782.27","3,120.00","2,171.95","265,709","739,274,941.10","8,227"
1584,14-Feb-2017,EQ,"2,806.85","2,810.90","2,755.15","2,806.50","2,778.25","2,778.10","2,775.87","3,120.00","2,171.95","287,490","798,035,928.60","17,988"
1585,13-Feb-2017,EQ,"2,815.00","2,817.00","2,785.00","2,800.80","2,810.50","2,806.50","2,800.64","3,120.00","2,171.95","116,262","325,608,187.50","8,193"
1586,10-Feb-2017,EQ,"2,795.00","2,812.80","2,773.65","2,784.30","2,798.40","2,800.80","2,797.34","3,120.00","2,171.95","165,244","462,244,377.85","11,703"
1587,09-Feb-2017,EQ,"2,797.40","2,810.00","2,751.10","2,781.90","2,796.00","2,784.30","2,769.93","3,120.00","2,171.95","213,997","592,757,592.60","16,042"
1588,08-Feb-2017,EQ,"2,772.20","2,788.00","2,760.10","2,769.80","2,782.00","2,781.90","2,778.47","3,120.00","2,171.95","282,631","785,281,980.85","22,149"
1589,07-Feb-2017,EQ,"2,802.00","2,809.70","2,755.00","2,799.40","2,777.20","2,769.80","2,767.30","3,120.00","2,171.95","321,618","890,013,384.80","28,794"
1590,06-Feb-2017,EQ,"2,815.35","2,825.00","2,784.10","2,808.10","2,805.00","2,799.40","2,802.34","3,120.00","2,171.95","316,141","885,934,476.40","23,149"
1591,03-Feb-2017,EQ,"2,792.15","2,815.40","2,789.00","2,807.45","2,802.30","2,808.10","2,805.86","3,120.00","2,171.95","236,258","662,906,838.45","12,782"
1592,02-Feb-2017,EQ,"2,852.00","2,858.90","2,801.10","2,854.15","2,805.00","2,807.45","2,822.11","3,120.00","2,171.95","253,057","714,155,586.40","18,653"
1593,01-Feb-2017,EQ,"2,838.30","2,872.00","2,812.00","2,833.45","2,845.00","2,854.15","2,845.55","3,120.00","2,171.95","369,867","1,052,475,661.30","35,022"
1594,31-Jan-2017,EQ,"2,821.10","2,919.00","2,789.30","2,825.05","2,838.30","2,833.45","2,857.72","3,120.00","2,171.95","902,056","2,577,822,778.70","47,280"
1595,30-Jan-2017,EQ,"2,850.05","2,852.00","2,808.70","2,854.10","2,827.60","2,825.05","2,826.12","3,120.00","2,171.95","280,860","793,743,159.35","13,003"
1596,27-Jan-2017,EQ,"2,840.00","2,885.20","2,830.00","2,849.65","2,859.00","2,854.10","2,849.14","3,120.00","2,171.95","194,917","555,345,738.75","22,244"
1597,25-Jan-2017,EQ,"2,815.00","2,866.00","2,772.75","2,798.95","2,834.00","2,849.65","2,825.01","3,120.00","2,171.95","451,576","1,275,707,714.50","27,157"
1598,24-Jan-2017,EQ,"2,712.00","2,810.00","2,701.65","2,706.50","2,800.05","2,798.95","2,761.28","3,120.00","2,171.95","270,474","746,854,737.25","21,451"
1599,23-Jan-2017,EQ,"2,695.50","2,715.00","2,685.00","2,701.05","2,708.95","2,706.50","2,703.53","3,120.00","2,171.95","147,551","398,908,286.90","10,036"
1600,20-Jan-2017,EQ,"2,689.00","2,720.00","2,682.00","2,695.30","2,706.00","2,701.05","2,706.08","3,120.00","2,171.95","204,961","554,641,148.60","10,716"
1601,19-Jan-2017,EQ,"2,698.90","2,712.00","2,681.50","2,699.70","2,693.00","2,695.30","2,696.90","3,120.00","2,171.95","235,309","634,605,500.60","17,450"
1602,18-Jan-2017,EQ,"2,743.00","2,743.00","2,687.35","2,728.90","2,701.00","2,699.70","2,710.35","3,120.00","2,171.95","161,391","437,425,985.20","12,949"
1603,17-Jan-2017,EQ,"2,711.00","2,742.00","2,700.00","2,721.65","2,733.85","2,728.90","2,722.78","3,120.00","2,171.95","139,584","380,056,471.35","13,598"
1604,16-Jan-2017,EQ,"2,703.00","2,730.00","2,686.65","2,708.55","2,720.00","2,721.65","2,711.18","3,120.00","2,171.95","116,324","315,375,472.90","8,783"
1605,13-Jan-2017,EQ,"2,732.00","2,753.75","2,691.20","2,737.15","2,700.00","2,708.55","2,723.46","3,120.00","2,171.95","247,719","674,652,806.80","14,366"
1606,12-Jan-2017,EQ,"2,715.00","2,743.45","2,707.65","2,718.55","2,734.90","2,737.15","2,722.58","3,120.00","2,171.95","243,299","662,400,711.50","11,053"
1607,11-Jan-2017,EQ,"2,746.50","2,748.50","2,703.55","2,740.75","2,710.25","2,718.55","2,721.28","3,120.00","2,171.95","225,842","614,580,170.70","26,783"
1608,10-Jan-2017,EQ,"2,728.25","2,747.30","2,712.00","2,723.15","2,728.95","2,740.75","2,730.73","3,120.00","2,171.95","154,097","420,796,727.45","14,472"
1609,09-Jan-2017,EQ,"2,717.00","2,746.00","2,708.00","2,707.35","2,722.30","2,723.15","2,725.27","3,120.00","2,171.95","116,789","318,281,590.95","12,168"
1610,06-Jan-2017,EQ,"2,721.00","2,739.90","2,696.70","2,723.35","2,710.10","2,707.35","2,719.32","3,120.00","2,171.95","159,484","433,688,755.55","15,957"
1611,05-Jan-2017,EQ,"2,694.00","2,730.00","2,685.00","2,684.10","2,724.00","2,723.35","2,708.73","3,120.00","2,171.95","188,686","511,099,723.35","19,194"
1612,04-Jan-2017,EQ,"2,625.20","2,698.55","2,615.95","2,619.20","2,694.00","2,684.10","2,660.36","3,120.00","2,171.95","343,922","914,956,772.25","20,563"
1613,03-Jan-2017,EQ,"2,594.00","2,632.20","2,561.45","2,598.50","2,618.90","2,619.20","2,601.61","3,120.00","2,171.95","420,196","1,093,186,539.45","21,361"
1614,02-Jan-2017,EQ,"2,642.70","2,654.30","2,552.00","2,632.20","2,602.00","2,598.50","2,588.33","3,120.00","2,171.95","323,342","836,916,066.90","17,703"
1615,30-Dec-2016,EQ,"2,652.10","2,666.00","2,627.00","2,651.45","2,634.00","2,632.20","2,643.43","3,120.00","2,171.95","130,704","345,506,320.85","13,674"
1616,29-Dec-2016,EQ,"2,625.20","2,666.80","2,610.75","2,633.15","2,643.55","2,651.45","2,639.82","3,120.00","2,171.95","190,486","502,848,624.35","15,583"
1617,28-Dec-2016,EQ,"2,634.00","2,654.25","2,623.40","2,633.80","2,630.00","2,633.15","2,643.96","3,120.00","2,171.95","275,831","729,285,752.30","22,042"
1618,27-Dec-2016,EQ,"2,595.00","2,643.70","2,570.00","2,600.70","2,637.35","2,633.80","2,608.21","3,120.00","2,171.95","169,834","442,963,016.70","14,773"
1619,26-Dec-2016,EQ,"2,617.70","2,650.00","2,577.70","2,618.80","2,609.95","2,600.70","2,598.90","3,120.00","2,171.95","121,218","315,033,824.85","16,050"
1620,23-Dec-2016,EQ,"2,565.10","2,633.25","2,553.80","2,564.15","2,620.00","2,618.80","2,608.14","3,120.00","2,171.95","197,018","513,850,941.05","20,800"
1621,22-Dec-2016,EQ,"2,586.00","2,590.00","2,551.00","2,585.25","2,576.00","2,564.15","2,569.88","3,120.00","2,171.95","137,600","353,616,093.35","13,386"
1622,21-Dec-2016,EQ,"2,600.10","2,632.00","2,579.00","2,585.95","2,586.00","2,585.25","2,601.28","3,120.00","2,171.95","140,989","366,752,546.45","15,764"
1623,20-Dec-2016,EQ,"2,644.85","2,662.30","2,575.50","2,642.10","2,599.80","2,585.95","2,592.14","3,120.00","2,171.95","205,165","531,816,382.60","17,384"
1624,19-Dec-2016,EQ,"2,649.00","2,658.00","2,633.00","2,659.50","2,643.60","2,642.10","2,645.26","3,120.00","2,171.95","152,159","402,499,851.25","13,756"
1625,16-Dec-2016,EQ,"2,681.00","2,681.00","2,649.00","2,670.65","2,656.00","2,659.50","2,662.42","3,120.00","2,171.95","181,030","481,978,158.50","18,406"
1626,15-Dec-2016,EQ,"2,668.00","2,699.05","2,628.85","2,648.50","2,674.50","2,670.65","2,674.80","3,120.00","2,171.95","247,366","661,653,867.30","24,757"
1627,14-Dec-2016,EQ,"2,669.00","2,669.30","2,631.60","2,659.15","2,652.00","2,648.50","2,648.31","3,120.00","2,171.95","165,794","439,074,426.40","12,681"
1628,13-Dec-2016,EQ,"2,655.00","2,665.90","2,640.00","2,655.15","2,660.00","2,659.15","2,659.09","3,120.00","2,171.95","243,253","646,831,596.75","16,028"
1629,12-Dec-2016,EQ,"2,715.00","2,716.30","2,646.15","2,720.15","2,655.00","2,655.15","2,663.36","3,120.00","2,171.95","350,356","933,125,146.65","20,284"
1630,09-Dec-2016,EQ,"2,781.55","2,786.35","2,716.10","2,778.60","2,720.00","2,720.15","2,729.07","3,120.00","2,171.95","182,787","498,838,557.45","11,856"
1631,08-Dec-2016,EQ,"2,715.00","2,789.25","2,715.00","2,699.05","2,780.00","2,778.60","2,763.47","3,120.00","2,171.95","193,573","534,932,247.50","17,226"
1632,07-Dec-2016,EQ,"2,736.30","2,740.90","2,686.30","2,733.30","2,697.55","2,699.05","2,712.84","3,120.00","2,171.95","182,325","494,618,736.80","10,262"
1633,06-Dec-2016,EQ,"2,745.30","2,754.75","2,725.00","2,740.75","2,734.00","2,733.30","2,740.61","3,120.00","2,171.95","204,792","561,254,480.55","17,179"
1634,05-Dec-2016,EQ,"2,692.00","2,765.50","2,689.05","2,701.35","2,752.00","2,740.75","2,731.14","3,120.00","2,171.95","238,386","651,064,819.80","17,938"
1635,02-Dec-2016,EQ,"2,674.50","2,715.00","2,653.05","2,694.90","2,714.30","2,701.35","2,687.94","3,120.00","2,171.95","220,351","592,289,678.50","14,703"
1636,01-Dec-2016,EQ,"2,684.00","2,718.00","2,667.35","2,685.15","2,718.00","2,694.90","2,686.42","3,120.00","2,171.95","252,658","678,746,184.55","14,673"
1637,30-Nov-2016,EQ,"2,690.00","2,690.05","2,664.00","2,664.15","2,690.00","2,685.15","2,682.87","3,120.00","2,171.95","480,765","1,289,831,514.45","31,382"
1638,29-Nov-2016,EQ,"2,640.80","2,687.00","2,635.05","2,637.00","2,669.00","2,664.15","2,664.73","3,120.00","2,171.95","254,430","677,986,370.15","25,995"
1639,28-Nov-2016,EQ,"2,619.95","2,665.00","2,612.00","2,613.05","2,627.00","2,637.00","2,638.67","3,120.00","2,171.95","245,346","647,386,023.65","23,592"
1640,25-Nov-2016,EQ,"2,620.00","2,646.00","2,603.15","2,630.90","2,610.00","2,613.05","2,616.14","3,120.00","2,171.95","238,138","623,002,333.00","18,104"
1641,24-Nov-2016,EQ,"2,591.00","2,658.00","2,550.00","2,600.35","2,628.35","2,630.90","2,628.29","3,120.00","2,171.95","609,817","1,602,773,800.90","32,830"
1642,23-Nov-2016,EQ,"2,639.70","2,639.70","2,571.00","2,599.50","2,600.00","2,600.35","2,601.54","3,120.00","2,171.95","253,894","660,514,706.35","14,591"
1643,22-Nov-2016,EQ,"2,540.00","2,614.80","2,514.85","2,524.40","2,611.00","2,599.50","2,578.45","3,120.00","2,171.95","301,790","778,149,760.75","17,039"
1644,21-Nov-2016,EQ,"2,575.00","2,584.90","2,510.00","2,574.80","2,522.15","2,524.40","2,544.50","3,120.00","2,171.95","271,829","691,668,756.45","16,633"
1645,18-Nov-2016,EQ,"2,556.00","2,579.95","2,545.00","2,549.80","2,579.90","2,574.80","2,566.40","3,120.00","2,171.95","176,488","452,939,127.25","19,149"
1646,17-Nov-2016,EQ,"2,590.00","2,665.00","2,522.00","2,605.65","2,560.00","2,549.80","2,567.68","3,120.00","2,171.95","331,352","850,806,583.80","32,785"
1647,16-Nov-2016,EQ,"2,601.00","2,662.95","2,570.20","2,576.10","2,615.35","2,605.65","2,612.57","3,120.00","2,171.95","493,925","1,290,415,427.60","35,907"
1648,15-Nov-2016,EQ,"2,632.00","2,659.00","2,510.35","2,647.60","2,577.55","2,576.10","2,568.89","3,120.00","2,171.95","410,208","1,053,777,482.30","33,888"
1649,11-Nov-2016,EQ,"2,709.10","2,768.00","2,633.00","2,726.60","2,635.25","2,647.60","2,664.25","3,120.00","2,171.95","277,559","739,485,540.95","21,989"
1650,10-Nov-2016,EQ,"2,790.00","2,846.80","2,710.60","2,778.55","2,715.70","2,726.60","2,772.78","3,120.00","2,171.95","294,318","816,078,693.55","23,939"
1651,09-Nov-2016,EQ,"2,746.00","2,823.95","2,658.10","2,865.00","2,783.80","2,778.55","2,750.85","3,120.00","2,171.95","605,617","1,665,962,225.40","32,137"
1652,08-Nov-2016,EQ,"2,834.00","2,875.25","2,819.25","2,824.10","2,866.90","2,865.00","2,859.77","3,120.00","2,171.95","278,172","795,508,430.15","17,859"
1653,07-Nov-2016,EQ,"2,830.00","2,849.90","2,781.00","2,814.30","2,832.00","2,824.10","2,824.82","3,120.00","2,171.95","286,013","807,935,262.35","20,910"
1654,04-Nov-2016,EQ,"2,829.90","2,850.00","2,805.50","2,829.85","2,812.25","2,814.30","2,824.77","3,120.00","2,171.95","223,620","631,675,693.65","26,806"
1655,03-Nov-2016,EQ,"2,810.00","2,852.95","2,790.00","2,818.80","2,833.50","2,829.85","2,829.54","3,120.00","2,171.95","354,196","1,002,212,539.40","21,847"
1656,02-Nov-2016,EQ,"2,818.70","2,829.90","2,770.00","2,825.60","2,821.15","2,818.80","2,804.28","3,120.00","2,171.95","297,340","833,824,112.40","20,555"
1657,01-Nov-2016,EQ,"2,830.40","2,864.00","2,819.60","2,830.40","2,827.60","2,825.60","2,840.91","3,120.00","2,171.95","337,967","960,133,917.00","22,625"
1658,30-Oct-2016,EQ,"2,875.00","2,875.00","2,815.00","2,848.10","2,830.00","2,830.40","2,843.02","3,120.00","2,171.95","34,039","96,773,702.65","1,938"
1659,28-Oct-2016,EQ,"2,764.00","2,857.50","2,762.00","2,761.50","2,854.00","2,848.10","2,810.92","3,120.00","2,171.95","777,805","2,186,347,400.85","40,952"
1660,27-Oct-2016,EQ,"2,824.90","2,833.90","2,751.30","2,823.95","2,776.00","2,761.50","2,781.62","3,120.00","2,171.95","214,627","597,010,976.20","15,288"
1661,26-Oct-2016,EQ,"2,795.00","2,845.00","2,790.05","2,801.55","2,815.00","2,823.95","2,828.73","3,120.00","2,171.95","157,120","444,450,737.10","12,346"
1662,25-Oct-2016,EQ,"2,797.00","2,811.50","2,786.00","2,790.00","2,801.00","2,801.55","2,799.67","3,120.00","2,171.95","207,170","580,008,546.25","9,045"
1663,24-Oct-2016,EQ,"2,808.50","2,814.60","2,785.10","2,802.35","2,792.75","2,790.00","2,793.70","3,120.00","2,171.95","148,446","414,713,919.50","12,051"
1664,21-Oct-2016,EQ,"2,810.00","2,815.00","2,782.00","2,796.55","2,803.00","2,802.35","2,796.11","3,120.00","2,171.95","142,333","397,978,314.80","7,984"
1665,20-Oct-2016,EQ,"2,797.25","2,824.60","2,790.00","2,787.95","2,804.85","2,796.55","2,805.05","3,120.00","2,171.95","151,814","425,845,665.35","12,257"
1666,19-Oct-2016,EQ,"2,801.30","2,820.00","2,768.85","2,792.65","2,797.00","2,787.95","2,797.79","3,120.00","2,171.95","305,702","855,289,780.00","12,324"
1667,18-Oct-2016,EQ,"2,756.25","2,810.00","2,755.55","2,753.85","2,795.00","2,792.65","2,787.46","3,120.00","2,171.95","198,776","554,079,822.10","12,266"
1668,17-Oct-2016,EQ,"2,805.00","2,834.90","2,743.65","2,798.30","2,744.80","2,753.85","2,771.91","3,120.00","2,171.95","194,876","540,178,171.30","14,710"
1669,14-Oct-2016,EQ,"2,838.00","2,849.00","2,792.40","2,825.25","2,803.85","2,798.30","2,809.66","3,120.00","2,171.95","181,609","510,259,334.35","15,107"
1670,13-Oct-2016,EQ,"2,865.10","2,880.40","2,815.05","2,876.40","2,819.00","2,825.25","2,838.02","3,120.00","2,171.95","185,672","526,940,431.15","22,299"
1671,10-Oct-2016,EQ,"2,892.00","2,906.75","2,856.10","2,883.50","2,881.00","2,876.40","2,881.55","3,120.00","2,171.95","121,601","350,398,955.60","7,855"
1672,07-Oct-2016,EQ,"2,827.05","2,900.00","2,785.00","2,823.05","2,888.00","2,883.50","2,831.52","3,120.00","2,171.95","325,112","920,560,765.90","23,968"
1673,06-Oct-2016,EQ,"2,869.05","2,869.05","2,811.20","2,857.95","2,820.95","2,823.05","2,840.06","3,120.00","2,171.95","176,396","500,974,388.50","22,971"
1674,05-Oct-2016,EQ,"2,900.00","2,910.00","2,845.80","2,894.20","2,854.00","2,857.95","2,864.24","3,120.00","2,171.95","188,728","540,562,547.90","20,482"
1675,04-Oct-2016,EQ,"2,903.00","2,917.00","2,876.05","2,880.90","2,894.00","2,894.20","2,894.56","3,120.00","2,171.95","260,010","752,613,622.20","12,887"
1676,03-Oct-2016,EQ,"2,830.00","2,908.35","2,830.00","2,827.60","2,876.10","2,880.90","2,881.48","3,120.00","2,171.95","281,923","812,354,939.00","20,858"
1677,30-Sep-2016,EQ,"2,857.95","2,857.95","2,816.80","2,846.40","2,840.00","2,827.60","2,833.39","3,120.00","2,171.95","229,858","651,277,738.70","29,684"
1678,29-Sep-2016,EQ,"2,941.00","2,953.95","2,835.20","2,913.90","2,858.00","2,846.40","2,867.37","3,120.00","2,171.95","480,296","1,377,184,144.20","21,153"
1679,28-Sep-2016,EQ,"2,879.00","2,925.00","2,871.55","2,875.80","2,912.00","2,913.90","2,906.39","3,120.00","2,171.95","302,892","880,322,457.50","19,240"
1680,27-Sep-2016,EQ,"2,918.00","2,927.80","2,870.00","2,891.60","2,876.00","2,875.80","2,897.90","3,120.00","2,171.95","176,614","511,809,553.55","14,021"
1681,26-Sep-2016,EQ,"2,924.00","2,933.00","2,878.00","2,929.65","2,889.00","2,891.60","2,899.04","3,120.00","2,171.95","287,196","832,591,952.10","20,314"
1682,23-Sep-2016,EQ,"2,926.00","2,954.20","2,912.60","2,926.75","2,928.00","2,929.65","2,935.85","3,120.00","2,171.95","334,216","981,206,891.75","22,328"
1683,22-Sep-2016,EQ,"2,936.00","2,972.95","2,916.65","2,902.65","2,925.70","2,926.75","2,938.50","3,120.00","2,171.95","271,251","797,070,542.50","18,944"
1684,21-Sep-2016,EQ,"2,889.00","2,966.50","2,857.05","2,886.95","2,899.65","2,902.65","2,924.96","3,120.00","2,171.95","472,910","1,383,243,438.20","32,952"
1685,20-Sep-2016,EQ,"2,923.80","2,956.00","2,875.00","2,945.85","2,888.30","2,886.95","2,897.62","3,120.00","2,171.95","315,212","913,363,517.70","24,411"
1686,19-Sep-2016,EQ,"2,984.85","3,012.30","2,940.00","2,981.60","2,945.00","2,945.85","2,958.60","3,120.00","2,171.95","192,976","570,938,730.60","15,864"
1687,16-Sep-2016,EQ,"2,932.90","3,031.00","2,932.90","2,931.75","2,974.75","2,981.60","2,994.43","3,120.00","2,171.95","349,528","1,046,636,018.65","22,242"
1688,15-Sep-2016,EQ,"2,971.00","2,978.00","2,925.15","2,971.55","2,929.75","2,931.75","2,947.17","3,120.00","2,171.95","232,030","683,832,399.10","18,248"
1689,14-Sep-2016,EQ,"2,964.00","2,994.45","2,939.55","2,954.90","2,965.00","2,971.55","2,959.44","3,120.00","2,171.95","257,712","762,682,049.65","25,212"
1690,12-Sep-2016,EQ,"2,970.00","2,977.70","2,926.00","3,036.45","2,953.00","2,954.90","2,948.95","3,120.00","2,171.95","161,009","474,806,937.70","15,248"
1691,09-Sep-2016,EQ,"3,091.90","3,107.20","3,017.25","3,088.70","3,023.10","3,036.45","3,045.70","3,120.00","2,171.95","233,241","710,382,822.35","18,103"
1692,08-Sep-2016,EQ,"2,980.00","3,120.00","2,980.00","2,985.80","3,084.00","3,088.70","3,083.74","3,120.00","2,171.95","406,556","1,253,714,397.20","20,966"
1693,07-Sep-2016,EQ,"3,020.00","3,020.00","2,980.00","3,004.80","2,980.00","2,985.80","2,993.58","3,037.75","2,171.95","159,864","478,565,765.75","10,614"
1694,06-Sep-2016,EQ,"2,996.00","3,035.45","2,990.00","2,998.05","3,010.00","3,004.80","3,012.00","3,037.75","2,171.95","214,998","647,573,907.25","15,027"
1695,02-Sep-2016,EQ,"2,970.05","3,015.00","2,924.30","2,999.00","2,999.00","2,998.05","2,977.79","3,037.75","2,171.95","350,046","1,042,362,817.65","26,309"
1696,01-Sep-2016,EQ,"2,978.50","3,018.30","2,955.35","2,978.50","2,990.00","2,999.00","3,001.76","3,037.75","2,171.95","193,060","579,520,216.00","18,717"
1697,31-Aug-2016,EQ,"2,982.00","3,037.75","2,969.90","2,978.90","2,975.50","2,978.50","2,997.24","3,037.75","2,171.95","345,001","1,034,049,517.75","27,109"
1698,30-Aug-2016,EQ,"2,897.05","3,010.00","2,897.05","2,887.85","2,975.00","2,978.90","2,971.86","3,010.00","2,171.95","421,580","1,252,876,809.55","23,350"
1699,29-Aug-2016,EQ,"2,867.80","2,904.00","2,809.05","2,858.25","2,901.00","2,887.85","2,856.27","2,958.25","2,171.95","129,976","371,247,090.85","9,104"
1700,26-Aug-2016,EQ,"2,877.40","2,877.40","2,845.05","2,862.40","2,853.25","2,858.25","2,858.94","2,958.25","2,133.65","172,603","493,461,656.95","22,957"
1701,25-Aug-2016,EQ,"2,894.00","2,903.95","2,849.05","2,869.70","2,866.35","2,862.40","2,870.25","2,958.25","2,133.65","196,374","563,641,569.25","23,012"
1702,24-Aug-2016,EQ,"2,885.00","2,900.75","2,851.00","2,878.80","2,873.00","2,869.70","2,868.90","2,958.25","2,133.65","189,493","543,636,272.15","17,183"
1703,23-Aug-2016,EQ,"2,923.90","2,923.90","2,868.00","2,924.90","2,885.00","2,878.80","2,885.66","2,958.25","2,133.65","164,538","474,800,468.90","11,463"
1704,22-Aug-2016,EQ,"2,933.00","2,950.00","2,908.05","2,933.20","2,930.00","2,924.90","2,924.13","2,958.25","2,133.65","167,024","488,400,648.15","8,819"
1705,19-Aug-2016,EQ,"2,946.10","2,948.95","2,920.50","2,946.10","2,930.70","2,933.20","2,932.97","2,958.25","2,133.65","92,809","272,206,348.20","6,776"
1706,18-Aug-2016,EQ,"2,933.00","2,958.25","2,925.00","2,939.65","2,942.30","2,946.10","2,949.53","2,958.25","2,133.65","139,176","410,504,073.00","12,118"
1707,17-Aug-2016,EQ,"2,892.40","2,951.80","2,883.05","2,883.05","2,931.65","2,939.65","2,932.35","2,951.80","2,133.65","289,452","848,775,755.15","26,821"
1708,16-Aug-2016,EQ,"2,872.25","2,897.30","2,840.00","2,868.70","2,890.00","2,883.05","2,870.24","2,918.05","2,133.65","196,703","564,584,653.00","20,760"
1709,12-Aug-2016,EQ,"2,846.00","2,904.00","2,840.00","2,846.35","2,866.65","2,868.70","2,878.71","2,918.05","2,133.65","179,931","517,968,373.35","12,426"
1710,11-Aug-2016,EQ,"2,860.00","2,888.80","2,825.00","2,856.00","2,842.95","2,846.35","2,854.61","2,918.05","2,133.65","152,651","435,759,758.60","10,818"
1711,10-Aug-2016,EQ,"2,862.20","2,902.00","2,845.15","2,866.80","2,851.05","2,856.00","2,876.45","2,918.05","2,133.65","203,530","585,443,839.30","15,574"
1712,09-Aug-2016,EQ,"2,871.90","2,893.75","2,833.80","2,871.45","2,863.10","2,866.80","2,868.03","2,918.05","2,133.65","225,096","645,581,866.60","17,486"
1713,08-Aug-2016,EQ,"2,872.10","2,918.05","2,860.15","2,862.10","2,864.80","2,871.45","2,888.33","2,918.05","2,133.65","242,032","699,067,224.25","17,053"
1714,05-Aug-2016,EQ,"2,754.30","2,881.00","2,750.00","2,744.00","2,879.00","2,862.10","2,828.11","2,881.00","2,133.65","419,350","1,185,967,419.70","21,855"
1715,04-Aug-2016,EQ,"2,738.00","2,774.90","2,724.00","2,714.85","2,744.00","2,744.00","2,753.70","2,801.85","2,133.65","251,834","693,476,432.25","18,444"
1716,03-Aug-2016,EQ,"2,743.10","2,758.50","2,705.00","2,747.65","2,710.10","2,714.85","2,729.77","2,801.85","2,133.65","180,584","492,952,349.50","16,226"
1717,02-Aug-2016,EQ,"2,749.90","2,780.00","2,726.20","2,736.15","2,745.00","2,747.65","2,755.17","2,801.85","2,133.65","285,707","787,172,582.65","21,164"
1718,01-Aug-2016,EQ,"2,710.10","2,780.00","2,710.10","2,700.80","2,744.00","2,736.15","2,749.20","2,801.85","2,133.65","458,487","1,260,474,381.50","32,653"
1719,29-Jul-2016,EQ,"2,660.00","2,724.20","2,660.00","2,660.50","2,702.00","2,700.80","2,706.80","2,801.85","2,133.65","321,171","869,345,245.55","19,457"
1720,28-Jul-2016,EQ,"2,671.70","2,711.75","2,653.00","2,670.15","2,657.90","2,660.50","2,674.82","2,801.85","2,133.65","473,920","1,267,649,318.20","21,331"
1721,27-Jul-2016,EQ,"2,675.00","2,727.05","2,621.20","2,673.95","2,665.00","2,670.15","2,666.55","2,801.85","2,133.65","1,179,297","3,144,654,970.10","66,221"
1722,26-Jul-2016,EQ,"2,705.00","2,715.80","2,660.20","2,700.85","2,667.25","2,673.95","2,688.95","2,801.85","2,133.65","291,824","784,701,285.45","20,889"
1723,25-Jul-2016,EQ,"2,720.00","2,754.10","2,680.00","2,720.60","2,697.00","2,700.85","2,706.20","2,801.85","2,133.65","300,696","813,743,261.55","22,380"
1724,22-Jul-2016,EQ,"2,765.20","2,767.20","2,715.50","2,770.60","2,720.00","2,720.60","2,728.31","2,801.85","2,133.65","214,012","583,891,599.00","11,524"
1725,21-Jul-2016,EQ,"2,787.10","2,801.85","2,762.00","2,779.35","2,767.20","2,770.60","2,778.49","2,801.85","2,133.65","239,917","666,607,808.55","24,690"
1726,20-Jul-2016,EQ,"2,761.75","2,793.00","2,746.25","2,758.85","2,783.40","2,779.35","2,779.59","2,793.00","2,133.65","380,227","1,056,873,620.65","18,252"
1727,19-Jul-2016,EQ,"2,760.10","2,764.00","2,745.00","2,755.35","2,761.90","2,758.85","2,752.86","2,764.00","2,133.65","343,673","946,081,938.25","28,898"
1728,18-Jul-2016,EQ,"2,714.45","2,763.00","2,706.00","2,695.60","2,755.10","2,755.35","2,749.18","2,763.00","2,133.65","362,174","995,682,024.35","23,152"
1729,15-Jul-2016,EQ,"2,668.50","2,700.00","2,667.40","2,665.10","2,694.80","2,695.60","2,688.71","2,719.95","2,133.65","207,722","558,504,850.95","17,845"
1730,14-Jul-2016,EQ,"2,643.00","2,674.00","2,641.00","2,657.10","2,660.00","2,665.10","2,661.92","2,719.95","2,133.65","134,930","359,172,365.85","9,143"
1731,13-Jul-2016,EQ,"2,660.00","2,668.00","2,630.20","2,651.80","2,648.00","2,657.10","2,648.86","2,719.95","2,133.65","147,655","391,116,810.70","13,400"
1732,12-Jul-2016,EQ,"2,657.00","2,675.00","2,635.10","2,649.05","2,650.00","2,651.80","2,655.63","2,719.95","2,133.65","193,652","514,267,211.35","15,582"
1733,11-Jul-2016,EQ,"2,626.00","2,658.00","2,626.00","2,604.60","2,652.00","2,649.05","2,646.03","2,719.95","2,133.65","180,070","476,471,507.75","12,473"
1734,08-Jul-2016,EQ,"2,620.00","2,635.00","2,600.00","2,610.55","2,601.00","2,604.60","2,611.92","2,719.95","2,133.65","147,732","385,864,226.25","10,428"
1735,07-Jul-2016,EQ,"2,608.50","2,625.00","2,590.00","2,612.15","2,608.10","2,610.55","2,607.00","2,719.95","2,133.65","205,355","535,360,572.55","17,278"
1736,05-Jul-2016,EQ,"2,645.00","2,648.95","2,602.65","2,652.80","2,611.05","2,612.15","2,613.85","2,719.95","2,133.65","209,086","546,518,463.85","13,850"
1737,04-Jul-2016,EQ,"2,680.00","2,690.00","2,645.00","2,671.25","2,655.00","2,652.80","2,658.47","2,719.95","2,133.65","185,737","493,775,849.85","12,490"
1738,01-Jul-2016,EQ,"2,697.50","2,719.95","2,665.05","2,689.95","2,667.00","2,671.25","2,691.57","2,719.95","2,133.65","307,070","826,499,374.80","24,750"
1739,30-Jun-2016,EQ,"2,658.00","2,700.00","2,655.00","2,645.85","2,699.00","2,689.95","2,681.70","2,703.00","2,133.65","457,899","1,227,947,198.50","26,130"
1740,29-Jun-2016,EQ,"2,647.80","2,650.00","2,632.00","2,624.40","2,647.00","2,645.85","2,642.20","2,703.00","2,133.65","329,314","870,112,942.25","24,950"
1741,28-Jun-2016,EQ,"2,662.00","2,669.70","2,615.00","2,648.45","2,630.00","2,624.40","2,641.28","2,703.00","2,133.65","277,647","733,342,190.75","16,039"
1742,27-Jun-2016,EQ,"2,690.00","2,703.00","2,643.60","2,678.80","2,646.70","2,648.45","2,666.14","2,703.00","2,133.65","274,105","730,801,510.85","19,776"
1743,24-Jun-2016,EQ,"2,600.00","2,684.75","2,554.85","2,652.00","2,662.45","2,678.80","2,633.85","2,684.75","2,133.65","341,530","899,537,999.25","19,577"
1744,23-Jun-2016,EQ,"2,630.00","2,666.00","2,601.00","2,632.15","2,652.00","2,652.00","2,639.72","2,666.00","2,133.65","276,005","728,577,143.55","14,745"
1745,22-Jun-2016,EQ,"2,636.25","2,639.55","2,613.50","2,636.25","2,626.95","2,632.15","2,628.47","2,659.15","2,133.65","142,146","373,626,243.55","9,194"
1746,21-Jun-2016,EQ,"2,620.00","2,653.80","2,612.25","2,617.90","2,629.05","2,636.25","2,637.17","2,659.15","2,133.65","255,537","673,894,765.35","19,524"
1747,21-Jun-2016,EQ,"2,620.00","2,653.80","2,612.25","2,617.90","2,629.05","2,636.25","2,637.17","2,659.15","2,133.65","255,537","673,894,765.35","19,524"
1748,20-Jun-2016,EQ,"2,550.00","2,624.45","2,550.00","2,581.40","2,612.05","2,617.90","2,604.42","2,659.15","2,133.65","150,107","390,942,307.65","12,269"
1749,17-Jun-2016,EQ,"2,573.00","2,589.00","2,555.60","2,567.10","2,572.00","2,581.40","2,575.01","2,659.15","2,133.65","137,960","355,248,760.35","12,090"
1750,16-Jun-2016,EQ,"2,582.00","2,589.55","2,550.00","2,603.55","2,571.00","2,567.10","2,564.44","2,659.15","2,133.65","223,474","573,085,527.00","19,535"
1751,15-Jun-2016,EQ,"2,570.50","2,610.10","2,565.15","2,560.75","2,605.00","2,603.55","2,593.14","2,659.15","2,133.65","220,412","571,559,839.40","10,341"
1752,14-Jun-2016,EQ,"2,585.05","2,586.05","2,550.00","2,583.75","2,557.10","2,560.75","2,560.77","2,659.15","2,133.65","164,026","420,033,256.40","18,017"
1753,13-Jun-2016,EQ,"2,566.00","2,594.70","2,554.00","2,579.95","2,589.90","2,583.75","2,572.46","2,659.15","2,133.65","122,703","315,648,463.00","12,657"
1754,10-Jun-2016,EQ,"2,590.00","2,623.60","2,565.00","2,592.35","2,580.95","2,579.95","2,588.19","2,659.15","2,133.65","134,463","348,016,111.25","10,996"
1755,09-Jun-2016,EQ,"2,634.30","2,635.35","2,577.10","2,632.35","2,590.60","2,592.35","2,600.42","2,659.15","2,133.65","226,078","587,898,161.95","19,300"
1756,08-Jun-2016,EQ,"2,640.75","2,655.75","2,624.00","2,640.75","2,633.00","2,632.35","2,639.95","2,659.15","2,133.65","235,110","620,677,846.40","18,283"
1757,07-Jun-2016,EQ,"2,649.85","2,658.00","2,625.20","2,630.00","2,640.00","2,640.75","2,644.35","2,659.15","2,133.65","238,210","629,909,531.50","21,626"
1758,06-Jun-2016,EQ,"2,641.80","2,650.00","2,619.10","2,639.20","2,630.00","2,630.00","2,633.06","2,659.15","2,133.65","200,798","528,712,855.10","11,541"
1759,03-Jun-2016,EQ,"2,595.60","2,659.15","2,595.00","2,594.95","2,625.15","2,639.20","2,640.51","2,659.15","2,133.65","293,506","775,005,074.55","23,018"
1760,02-Jun-2016,EQ,"2,585.05","2,602.05","2,556.60","2,603.80","2,595.00","2,594.95","2,581.41","2,656.00","2,133.65","219,851","567,525,851.00","18,843"
1761,01-Jun-2016,EQ,"2,635.00","2,635.00","2,600.00","2,618.35","2,612.00","2,603.80","2,612.41","2,656.00","2,133.65","163,603","427,397,326.80","12,908"
1762,31-May-2016,EQ,"2,605.00","2,642.00","2,603.00","2,607.15","2,617.15","2,618.35","2,622.07","2,656.00","2,133.65","447,826","1,174,229,138.05","32,676"
1763,30-May-2016,EQ,"2,583.00","2,614.95","2,570.60","2,563.70","2,601.60","2,607.15","2,597.31","2,656.00","2,133.65","281,067","730,017,587.65","24,978"
1764,27-May-2016,EQ,"2,505.00","2,581.95","2,487.00","2,505.15","2,560.00","2,563.70","2,541.91","2,656.00","2,133.65","326,701","830,444,674.05","29,504"
1765,26-May-2016,EQ,"2,494.00","2,517.75","2,475.00","2,475.30","2,500.60","2,505.15","2,499.09","2,656.00","2,133.65","581,544","1,453,330,059.05","46,416"
1766,25-May-2016,EQ,"2,404.85","2,504.95","2,376.45","2,379.40","2,484.00","2,475.30","2,455.87","2,656.00","2,133.65","1,132,838","2,782,101,411.70","55,061"
1767,24-May-2016,EQ,"2,421.00","2,421.00","2,364.35","2,421.80","2,379.00","2,379.40","2,383.26","2,656.00","2,133.65","208,394","496,656,664.65","19,917"
1768,23-May-2016,EQ,"2,461.00","2,464.00","2,408.60","2,453.00","2,412.85","2,421.80","2,427.17","2,656.00","2,133.65","270,512","656,577,872.25","16,904"
1769,20-May-2016,EQ,"2,437.00","2,461.55","2,427.00","2,435.45","2,453.30","2,453.00","2,447.58","2,656.00","2,123.30","137,638","336,879,638.80","9,952"
1770,19-May-2016,EQ,"2,468.00","2,471.60","2,422.50","2,461.70","2,424.00","2,435.45","2,446.35","2,656.00","2,123.30","226,925","555,138,164.55","12,588"
1771,18-May-2016,EQ,"2,488.00","2,501.95","2,455.00","2,506.55","2,460.25","2,461.70","2,465.49","2,656.00","2,123.30","293,238","722,976,050.25","20,093"
1772,17-May-2016,EQ,"2,525.00","2,535.00","2,496.25","2,512.10","2,509.00","2,506.55","2,516.66","2,656.00","2,123.30","164,096","412,973,493.65","12,726"
1773,16-May-2016,EQ,"2,520.10","2,526.20","2,455.00","2,517.70","2,518.70","2,512.10","2,493.29","2,656.00","2,123.30","163,404","407,413,649.70","15,221"
1774,13-May-2016,EQ,"2,540.60","2,545.00","2,508.50","2,549.05","2,520.00","2,517.70","2,520.64","2,656.00","2,092.35","168,060","423,619,064.75","8,509"
1775,12-May-2016,EQ,"2,512.30","2,558.00","2,512.30","2,517.25","2,550.00","2,549.05","2,542.54","2,656.00","2,092.35","166,196","422,560,137.40","10,464"
1776,11-May-2016,EQ,"2,500.00","2,554.80","2,496.45","2,530.05","2,516.90","2,517.25","2,526.67","2,656.00","2,092.35","191,358","483,498,469.25","11,272"
1777,10-May-2016,EQ,"2,529.80","2,540.00","2,500.00","2,527.15","2,533.00","2,530.05","2,518.15","2,656.00","2,092.35","159,486","401,610,173.00","19,742"
1778,09-May-2016,EQ,"2,435.00","2,537.00","2,431.05","2,435.20","2,537.00","2,527.15","2,500.98","2,656.00","2,092.35","180,905","452,439,346.70","10,150"
1779,06-May-2016,EQ,"2,446.55","2,453.75","2,430.10","2,453.30","2,439.00","2,435.20","2,439.75","2,656.00","1,932.95","118,418","288,909,875.35","9,640"
1780,05-May-2016,EQ,"2,463.00","2,488.30","2,446.35","2,460.30","2,458.00","2,453.30","2,464.11","2,656.00","1,932.95","127,867","315,078,466.85","9,592"
1781,04-May-2016,EQ,"2,454.50","2,480.55","2,451.00","2,462.85","2,456.20","2,460.30","2,461.40","2,656.00","1,932.95","132,511","326,162,554.20","13,024"
1782,03-May-2016,EQ,"2,475.00","2,498.90","2,450.10","2,477.95","2,461.50","2,462.85","2,468.22","2,656.00","1,932.95","334,288","825,097,680.90","20,992"
1783,02-May-2016,EQ,"2,484.00","2,525.00","2,450.10","2,491.95","2,481.00","2,477.95","2,476.80","2,656.00","1,932.95","185,691","459,919,999.25","13,383"
1784,29-Apr-2016,EQ,"2,487.00","2,500.75","2,462.85","2,487.50","2,487.00","2,491.95","2,482.77","2,656.00","1,912.50","176,707","438,723,629.95","23,977"
1785,28-Apr-2016,EQ,"2,536.05","2,568.60","2,481.00","2,548.25","2,482.20","2,487.50","2,508.53","2,656.00","1,912.50","285,060","715,080,341.65","25,163"
1786,27-Apr-2016,EQ,"2,551.25","2,583.15","2,537.25","2,548.10","2,551.00","2,548.25","2,557.08","2,656.00","1,912.50","204,441","522,771,284.10","21,768"
1787,26-Apr-2016,EQ,"2,541.00","2,559.50","2,506.55","2,543.75","2,540.05","2,548.10","2,537.53","2,656.00","1,912.50","280,095","710,749,593.40","17,467"
1788,25-Apr-2016,EQ,"2,512.75","2,559.90","2,512.75","2,522.15","2,547.00","2,543.75","2,545.90","2,656.00","1,912.50","251,692","640,781,975.40","13,091"
1789,22-Apr-2016,EQ,"2,489.65","2,554.00","2,479.00","2,496.45","2,525.00","2,522.15","2,524.77","2,656.00","1,912.50","223,129","563,349,198.75","13,735"
1790,21-Apr-2016,EQ,"2,532.00","2,548.00","2,485.00","2,532.80","2,486.00","2,496.45","2,506.00","2,656.00","1,912.50","177,164","443,972,416.45","11,660"
1791,20-Apr-2016,EQ,"2,546.70","2,572.40","2,512.30","2,544.45","2,530.00","2,532.80","2,544.78","2,656.00","1,912.50","215,577","548,595,253.50","15,078"
1792,18-Apr-2016,EQ,"2,605.00","2,609.90","2,531.00","2,582.50","2,542.00","2,544.45","2,554.68","2,656.00","1,912.50","238,512","609,322,501.35","17,709"
1793,13-Apr-2016,EQ,"2,474.70","2,614.50","2,473.00","2,459.70","2,570.10","2,582.50","2,548.50","2,656.00","1,912.50","474,377","1,208,952,039.00","31,866"
1794,12-Apr-2016,EQ,"2,433.85","2,468.05","2,433.75","2,433.85","2,460.95","2,459.70","2,453.28","2,656.00","1,912.50","171,855","421,608,586.45","14,288"
1795,11-Apr-2016,EQ,"2,397.95","2,439.00","2,373.00","2,389.45","2,428.05","2,433.85","2,408.14","2,656.00","1,912.50","134,590","324,111,921.95","8,045"
1796,08-Apr-2016,EQ,"2,369.95","2,404.85","2,350.50","2,378.45","2,398.50","2,389.45","2,384.98","2,656.00","1,912.50","214,592","511,798,138.35","14,699"
1797,07-Apr-2016,EQ,"2,387.00","2,395.20","2,354.30","2,395.20","2,378.25","2,378.45","2,372.61","2,656.00","1,912.50","140,705","333,838,554.30","12,656"
1798,06-Apr-2016,EQ,"2,397.90","2,425.00","2,386.50","2,394.85","2,386.50","2,395.20","2,400.86","2,656.00","1,912.50","110,752","265,899,883.50","8,829"
1799,05-Apr-2016,EQ,"2,449.90","2,470.00","2,386.30","2,448.25","2,392.00","2,394.85","2,413.68","2,656.00","1,912.50","189,320","456,957,578.95","13,612"
1800,04-Apr-2016,EQ,"2,430.00","2,477.70","2,427.20","2,419.85","2,444.65","2,448.25","2,450.12","2,656.00","1,912.50","188,472","461,779,419.50","14,161"
1801,01-Apr-2016,EQ,"2,410.00","2,427.40","2,378.00","2,405.95","2,427.40","2,419.85","2,405.79","2,656.00","1,912.50","238,387","573,508,817.80","18,397"
1802,31-Mar-2016,EQ,"2,418.00","2,457.00","2,398.60","2,422.45","2,402.25","2,405.95","2,424.55","2,656.00","1,912.50","487,678","1,182,397,994.80","38,006"
1803,30-Mar-2016,EQ,"2,364.00","2,440.00","2,363.00","2,351.95","2,415.00","2,422.45","2,411.53","2,656.00","1,912.50","379,072","914,143,251.70","41,375"
1804,29-Mar-2016,EQ,"2,356.90","2,374.00","2,332.00","2,357.35","2,345.80","2,351.95","2,353.26","2,656.00","1,912.50","143,428","337,523,372.70","9,377"
1805,28-Mar-2016,EQ,"2,375.50","2,375.50","2,332.75","2,356.40","2,358.90","2,357.35","2,350.46","2,656.00","1,912.50","210,492","494,752,598.75","14,302"
1806,23-Mar-2016,EQ,"2,314.90","2,364.00","2,304.90","2,310.80","2,356.85","2,356.40","2,337.11","2,656.00","1,912.50","258,677","604,556,596.60","15,122"
1807,22-Mar-2016,EQ,"2,302.00","2,322.80","2,297.70","2,314.20","2,308.00","2,310.80","2,309.12","2,656.00","1,912.50","394,338","910,571,860.80","20,736"
1808,21-Mar-2016,EQ,"2,307.90","2,320.00","2,289.40","2,303.35","2,316.00","2,314.20","2,305.14","2,656.00","1,912.50","179,791","414,444,200.95","14,080"
1809,18-Mar-2016,EQ,"2,271.00","2,308.00","2,268.35","2,269.90","2,300.45","2,303.35","2,294.58","2,656.00","1,912.50","284,447","652,687,806.80","16,223"
1810,17-Mar-2016,EQ,"2,256.55","2,283.30","2,250.15","2,250.00","2,270.00","2,269.90","2,268.85","2,656.00","1,912.50","379,252","860,467,446.35","36,737"
1811,16-Mar-2016,EQ,"2,245.60","2,259.65","2,213.00","2,278.45","2,250.00","2,250.00","2,243.43","2,656.00","1,912.50","364,016","816,646,178.75","22,552"
1812,15-Mar-2016,EQ,"2,308.00","2,328.00","2,268.10","2,316.60","2,281.00","2,278.45","2,303.89","2,656.00","1,912.50","379,744","874,886,830.00","21,194"
1813,14-Mar-2016,EQ,"2,333.00","2,333.00","2,302.20","2,325.90","2,316.80","2,316.60","2,315.39","2,656.00","1,912.50","214,060","495,632,381.25","15,244"
1814,11-Mar-2016,EQ,"2,332.95","2,347.00","2,310.10","2,324.60","2,325.00","2,325.90","2,331.50","2,656.00","1,912.50","122,688","286,046,542.25","10,196"
1815,10-Mar-2016,EQ,"2,344.70","2,344.70","2,304.60","2,316.80","2,322.00","2,324.60","2,322.90","2,656.00","1,912.50","139,845","324,846,256.50","14,040"
1816,09-Mar-2016,EQ,"2,322.35","2,335.00","2,300.00","2,326.25","2,311.00","2,316.80","2,319.47","2,656.00","1,912.50","295,112","684,502,585.80","21,579"
1817,08-Mar-2016,EQ,"2,308.00","2,339.00","2,295.10","2,306.25","2,320.85","2,326.25","2,323.30","2,656.00","1,912.50","203,818","473,529,611.15","15,249"
1818,04-Mar-2016,EQ,"2,289.80","2,324.10","2,262.60","2,280.10","2,320.00","2,306.25","2,290.09","2,656.00","1,912.50","339,975","778,572,985.20","26,349"
1819,03-Mar-2016,EQ,"2,250.00","2,286.20","2,241.00","2,230.30","2,279.95","2,280.10","2,269.75","2,656.00","1,912.50","557,055","1,264,375,490.75","39,255"
1820,02-Mar-2016,EQ,"2,279.95","2,318.00","2,212.40","2,258.20","2,232.75","2,230.30","2,261.78","2,656.00","1,912.50","809,509","1,830,929,122.75","55,104"
1821,01-Mar-2016,EQ,"2,205.10","2,267.00","2,205.10","2,201.20","2,259.70","2,258.20","2,255.64","2,656.00","1,912.50","481,942","1,087,089,513.40","36,917"
1822,29-Feb-2016,EQ,"2,240.00","2,268.00","2,171.95","2,238.10","2,200.00","2,201.20","2,210.19","2,656.00","1,912.50","660,576","1,459,996,445.60","57,976"
1823,26-Feb-2016,EQ,"2,331.20","2,351.90","2,221.85","2,322.00","2,239.15","2,238.10","2,248.42","2,656.00","1,912.50","524,806","1,179,982,697.70","39,826"
1824,25-Feb-2016,EQ,"2,338.00","2,352.85","2,292.20","2,337.40","2,322.60","2,322.00","2,315.71","2,656.00","1,912.50","530,719","1,228,992,653.50","38,498"
1825,24-Feb-2016,EQ,"2,386.75","2,408.00","2,330.35","2,396.45","2,335.95","2,337.40","2,354.54","2,656.00","1,912.50","297,923","701,471,901.75","27,542"
1826,23-Feb-2016,EQ,"2,480.00","2,480.00","2,386.75","2,476.75","2,386.75","2,396.45","2,416.22","2,656.00","1,912.50","220,555","532,910,449.40","21,989"
1827,22-Feb-2016,EQ,"2,459.00","2,485.00","2,451.25","2,455.80","2,477.05","2,476.75","2,472.79","2,656.00","1,912.50","199,748","493,934,435.90","18,634"
1828,19-Feb-2016,EQ,"2,410.00","2,467.00","2,406.15","2,406.40","2,463.00","2,455.80","2,440.82","2,656.00","1,912.50","310,736","758,451,276.90","17,503"
1829,18-Feb-2016,EQ,"2,370.05","2,417.65","2,364.10","2,357.45","2,405.00","2,406.40","2,395.73","2,656.00","1,912.50","318,053","761,968,226.00","25,709"
1830,17-Feb-2016,EQ,"2,329.50","2,369.00","2,263.80","2,329.85","2,365.00","2,357.45","2,304.39","2,656.00","1,912.50","248,046","571,594,008.90","17,262"
1831,16-Feb-2016,EQ,"2,365.00","2,368.70","2,328.55","2,342.10","2,330.20","2,329.85","2,339.72","2,656.00","1,912.50","293,481","686,662,684.85","19,394"
1832,15-Feb-2016,EQ,"2,326.00","2,372.30","2,305.00","2,304.40","2,359.90","2,342.10","2,326.86","2,656.00","1,912.50","308,865","718,685,702.90","22,008"
1833,12-Feb-2016,EQ,"2,310.00","2,328.80","2,251.00","2,329.90","2,304.00","2,304.40","2,281.07","2,656.00","1,912.50","326,424","744,594,935.70","26,506"
1834,11-Feb-2016,EQ,"2,376.70","2,386.95","2,289.05","2,368.15","2,310.00","2,329.90","2,356.45","2,656.00","1,912.50","310,125","730,794,246.70","25,736"
1835,10-Feb-2016,EQ,"2,363.95","2,387.90","2,342.00","2,376.60","2,377.70","2,368.15","2,361.40","2,656.00","1,912.50","194,080","458,299,986.50","15,225"
1836,09-Feb-2016,EQ,"2,344.00","2,390.00","2,337.90","2,355.05","2,385.90","2,376.60","2,363.87","2,656.00","1,912.50","166,296","393,102,800.45","12,556"
1837,08-Feb-2016,EQ,"2,366.30","2,388.80","2,348.00","2,366.35","2,354.00","2,355.05","2,369.04","2,656.00","1,912.50","80,466","190,627,268.95","6,020"
1838,05-Feb-2016,EQ,"2,318.40","2,378.95","2,303.15","2,310.65","2,366.00","2,366.35","2,349.04","2,656.00","1,912.50","261,889","615,186,978.95","20,248"
1839,04-Feb-2016,EQ,"2,370.00","2,389.85","2,295.00","2,347.65","2,313.00","2,310.65","2,333.91","2,656.00","1,912.50","1,147,152","2,677,348,679.65","62,960"
1840,03-Feb-2016,EQ,"2,345.00","2,395.00","2,335.00","2,364.10","2,364.90","2,347.65","2,367.68","2,656.00","1,912.50","179,941","426,043,229.55","13,711"
1841,02-Feb-2016,EQ,"2,310.00","2,384.40","2,300.00","2,327.90","2,361.10","2,364.10","2,359.35","2,656.00","1,912.50","281,676","664,573,141.40","15,717"
1842,01-Feb-2016,EQ,"2,360.00","2,361.95","2,310.10","2,341.95","2,325.40","2,327.90","2,332.88","2,656.00","1,912.50","155,264","362,212,550.45","16,217"
1843,29-Jan-2016,EQ,"2,270.00","2,359.90","2,263.55","2,263.40","2,356.00","2,341.95","2,312.05","2,656.00","1,912.50","234,367","541,869,328.30","22,336"
1844,28-Jan-2016,EQ,"2,301.00","2,310.60","2,255.70","2,302.85","2,257.00","2,263.40","2,282.75","2,656.00","1,912.50","172,772","394,395,209.55","16,512"
1845,27-Jan-2016,EQ,"2,333.00","2,333.00","2,285.05","2,327.30","2,296.00","2,302.85","2,304.02","2,656.00","1,912.50","256,991","592,113,461.70","20,489"
1846,25-Jan-2016,EQ,"2,323.30","2,348.00","2,315.00","2,318.85","2,318.00","2,327.30","2,330.70","2,656.00","1,912.50","214,198","499,230,400.65","22,426"
1847,22-Jan-2016,EQ,"2,279.00","2,329.30","2,274.15","2,272.95","2,322.25","2,318.85","2,317.30","2,656.00","1,912.50","161,259","373,686,219.70","21,961"
1848,21-Jan-2016,EQ,"2,280.05","2,299.90","2,256.05","2,278.35","2,270.00","2,272.95","2,274.88","2,656.00","1,912.50","190,801","434,048,533.90","15,140"
1849,20-Jan-2016,EQ,"2,240.50","2,284.90","2,230.00","2,266.30","2,275.10","2,278.35","2,266.17","2,656.00","1,912.50","176,561","400,116,617.65","14,919"
1850,19-Jan-2016,EQ,"2,259.95","2,291.00","2,234.40","2,249.90","2,266.10","2,266.30","2,269.82","2,656.00","1,912.50","153,092","347,491,009.20","17,679"
1851,18-Jan-2016,EQ,"2,310.00","2,335.10","2,236.80","2,322.15","2,255.00","2,249.90","2,256.31","2,656.00","1,912.50","329,495","743,442,099.35","27,876"
1852,15-Jan-2016,EQ,"2,369.95","2,369.95","2,313.00","2,362.45","2,321.00","2,322.15","2,327.43","2,656.00","1,912.50","334,940","779,550,025.70","15,390"
1853,14-Jan-2016,EQ,"2,349.00","2,374.65","2,323.10","2,369.70","2,363.00","2,362.45","2,346.17","2,656.00","1,912.50","205,015","480,999,826.70","12,116"
1854,13-Jan-2016,EQ,"2,355.00","2,387.90","2,332.20","2,344.35","2,368.10","2,369.70","2,358.22","2,656.00","1,912.50","246,183","580,553,489.30","17,201"
1855,12-Jan-2016,EQ,"2,361.50","2,377.45","2,337.15","2,360.50","2,346.15","2,344.35","2,350.30","2,656.00","1,912.50","199,864","469,740,077.85","17,642"
1856,11-Jan-2016,EQ,"2,359.90","2,372.75","2,329.90","2,375.85","2,367.20","2,360.50","2,355.65","2,656.00","1,912.50","159,001","374,551,392.40","12,705"
1857,08-Jan-2016,EQ,"2,432.50","2,443.90","2,360.00","2,419.25","2,371.05","2,375.85","2,381.27","2,656.00","1,912.50","206,203","491,024,910.00","16,078"
1858,07-Jan-2016,EQ,"2,475.00","2,485.00","2,406.85","2,485.50","2,411.70","2,419.25","2,449.87","2,656.00","1,912.50","221,180","541,861,905.20","15,777"
1859,06-Jan-2016,EQ,"2,492.20","2,514.15","2,473.50","2,502.35","2,485.00","2,485.50","2,493.96","2,656.00","1,912.50","222,912","555,933,426.10","23,850"
1860,05-Jan-2016,EQ,"2,500.00","2,523.35","2,491.45","2,483.35","2,504.00","2,502.35","2,506.22","2,656.00","1,912.50","192,154","481,580,116.35","21,420"
1861,04-Jan-2016,EQ,"2,490.00","2,547.60","2,475.45","2,518.00","2,484.70","2,483.35","2,514.55","2,656.00","1,912.50","190,056","477,905,816.50","13,425"
1862,01-Jan-2016,EQ,"2,530.10","2,530.10","2,511.00","2,532.00","2,517.00","2,518.00","2,518.94","2,656.00","1,912.50","70,853","178,474,762.10","3,953"
1863,31-Dec-2015,EQ,"2,515.00","2,546.10","2,504.00","2,514.05","2,541.00","2,532.00","2,527.43","2,656.00","1,912.50","243,382","615,131,175.95","15,237"
1864,30-Dec-2015,EQ,"2,540.00","2,545.00","2,510.00","2,530.45","2,517.00","2,514.05","2,525.28","2,656.00","1,912.50","207,046","522,849,635.55","15,950"
1865,29-Dec-2015,EQ,"2,496.00","2,535.95","2,496.00","2,492.55","2,535.00","2,530.45","2,519.39","2,656.00","1,912.50","215,967","544,104,130.15","14,454"
1866,28-Dec-2015,EQ,"2,483.00","2,499.00","2,483.00","2,482.90","2,493.60","2,492.55","2,491.62","2,656.00","1,912.50","151,653","377,861,988.70","10,651"
1867,24-Dec-2015,EQ,"2,496.90","2,496.90","2,467.65","2,473.40","2,484.35","2,482.90","2,479.41","2,656.00","1,912.50","100,232","248,515,918.10","6,588"
1868,23-Dec-2015,EQ,"2,494.90","2,502.95","2,468.20","2,476.25","2,468.20","2,473.40","2,483.97","2,656.00","1,912.50","252,059","626,107,810.70","24,288"
1869,22-Dec-2015,EQ,"2,489.95","2,499.50","2,470.00","2,489.50","2,479.00","2,476.25","2,485.63","2,656.00","1,912.50","167,772","417,018,549.15","15,163"
1870,21-Dec-2015,EQ,"2,489.00","2,507.00","2,472.85","2,469.55","2,488.00","2,489.50","2,493.41","2,656.00","1,912.50","176,689","440,557,843.75","10,147"
1871,18-Dec-2015,EQ,"2,490.25","2,503.00","2,460.00","2,531.10","2,471.20","2,469.55","2,479.10","2,656.00","1,912.50","452,519","1,121,841,766.20","31,695"
1872,17-Dec-2015,EQ,"2,460.00","2,541.70","2,455.60","2,452.70","2,525.00","2,531.10","2,498.29","2,656.00","1,912.50","275,504","688,288,105.40","20,943"
1873,16-Dec-2015,EQ,"2,462.00","2,464.00","2,430.00","2,437.30","2,460.30","2,452.70","2,449.68","2,656.00","1,912.50","153,649","376,391,111.55","13,882"
1874,15-Dec-2015,EQ,"2,409.10","2,445.05","2,391.00","2,409.20","2,435.00","2,437.30","2,418.28","2,656.00","1,912.50","166,399","402,399,114.05","17,254"
1875,14-Dec-2015,EQ,"2,412.00","2,428.00","2,375.10","2,416.25","2,415.00","2,409.20","2,404.82","2,656.00","1,912.50","184,395","443,436,134.80","15,336"
1876,11-Dec-2015,EQ,"2,454.70","2,454.70","2,404.95","2,443.25","2,420.00","2,416.25","2,421.25","2,656.00","1,912.50","189,746","459,421,948.15","17,463"
1877,10-Dec-2015,EQ,"2,391.60","2,451.95","2,391.60","2,389.30","2,450.30","2,443.25","2,421.78","2,656.00","1,912.50","194,126","470,130,077.05","20,544"
1878,09-Dec-2015,EQ,"2,463.00","2,471.60","2,383.25","2,462.65","2,389.60","2,389.30","2,424.90","2,656.00","1,912.50","206,433","500,578,709.85","13,578"
1879,08-Dec-2015,EQ,"2,440.50","2,484.00","2,430.00","2,449.75","2,456.05","2,462.65","2,462.42","2,656.00","1,912.50","186,909","460,248,516.30","17,244"
1880,07-Dec-2015,EQ,"2,471.05","2,485.00","2,442.10","2,472.55","2,445.00","2,449.75","2,459.85","2,656.00","1,912.50","187,375","460,914,506.00","24,024"
1881,04-Dec-2015,EQ,"2,455.20","2,489.45","2,455.20","2,480.20","2,460.30","2,472.55","2,469.59","2,660.80","1,912.50","187,184","462,268,445.40","18,141"
1882,03-Dec-2015,EQ,"2,499.00","2,506.95","2,473.75","2,500.60","2,477.25","2,480.20","2,488.64","2,660.80","1,912.50","246,228","612,774,078.05","25,635"
1883,02-Dec-2015,EQ,"2,470.00","2,515.00","2,426.35","2,464.65","2,490.00","2,500.60","2,470.37","2,660.80","1,912.50","401,153","990,995,377.55","26,535"
1884,01-Dec-2015,EQ,"2,490.00","2,500.00","2,460.00","2,479.25","2,461.00","2,464.65","2,473.11","2,660.80","1,912.50","153,290","379,102,453.40","15,606"
1885,30-Nov-2015,EQ,"2,458.00","2,515.00","2,452.00","2,447.85","2,480.50","2,479.25","2,489.54","2,660.80","1,912.50","565,457","1,407,725,341.70","38,028"
1886,27-Nov-2015,EQ,"2,433.05","2,462.80","2,425.10","2,448.15","2,451.90","2,447.85","2,444.39","2,695.00","1,912.50","170,413","416,556,586.05","14,238"
1887,26-Nov-2015,EQ,"2,494.80","2,522.80","2,405.00","2,476.80","2,440.00","2,448.15","2,471.66","2,695.00","1,912.50","393,155","971,743,938.15","27,396"
1888,24-Nov-2015,EQ,"2,515.00","2,544.90","2,471.00","2,522.75","2,477.00","2,476.80","2,510.76","2,695.00","1,912.50","325,768","817,925,239.35","26,825"
1889,23-Nov-2015,EQ,"2,481.00","2,529.00","2,481.00","2,476.65","2,521.15","2,522.75","2,519.14","2,695.00","1,912.50","545,369","1,373,862,797.85","35,515"
1890,20-Nov-2015,EQ,"2,427.95","2,510.00","2,425.25","2,428.25","2,468.10","2,476.65","2,475.92","2,695.00","1,912.50","378,408","936,908,254.35","22,530"
1891,19-Nov-2015,EQ,"2,361.00","2,442.10","2,361.00","2,342.90","2,424.60","2,428.25","2,414.64","2,695.00","1,912.50","289,124","698,130,749.60","19,783"
1892,18-Nov-2015,EQ,"2,369.00","2,384.25","2,336.50","2,365.30","2,358.20","2,342.90","2,360.32","2,695.00","1,912.50","245,945","580,508,994.50","25,353"
1893,17-Nov-2015,EQ,"2,384.00","2,417.80","2,355.00","2,372.60","2,363.10","2,365.30","2,377.39","2,695.00","1,912.50","254,396","604,799,428.35","22,607"
1894,16-Nov-2015,EQ,"2,374.00","2,408.85","2,344.15","2,380.45","2,372.00","2,372.60","2,370.92","2,695.00","1,912.50","285,955","677,976,090.20","18,332"
1895,13-Nov-2015,EQ,"2,440.00","2,470.00","2,367.05","2,453.30","2,372.00","2,380.45","2,416.34","2,695.00","1,912.50","255,389","617,106,713.55","22,536"
1896,11-Nov-2015,EQ,"2,465.20","2,472.00","2,432.70","2,457.45","2,450.00","2,453.30","2,448.75","2,695.00","1,912.50","30,457","74,581,620.35","2,581"
1897,10-Nov-2015,EQ,"2,401.00","2,475.00","2,381.65","2,409.10","2,452.55","2,457.45","2,453.24","2,695.00","1,912.50","273,391","670,695,038.45","19,314"
1898,09-Nov-2015,EQ,"2,394.80","2,430.00","2,382.55","2,429.45","2,410.10","2,409.10","2,406.82","2,695.00","1,912.50","157,878","379,984,485.35","14,281"
1899,06-Nov-2015,EQ,"2,411.10","2,448.85","2,411.10","2,414.30","2,430.00","2,429.45","2,432.14","2,695.00","1,912.50","178,321","433,701,885.05","21,335"
1900,05-Nov-2015,EQ,"2,449.95","2,468.25","2,405.30","2,449.05","2,414.00","2,414.30","2,439.55","2,695.00","1,912.50","201,885","492,509,005.90","11,653"
1901,04-Nov-2015,EQ,"2,435.00","2,474.00","2,435.00","2,424.55","2,445.25","2,449.05","2,458.49","2,695.00","1,912.50","261,171","642,087,104.75","23,093"
1902,03-Nov-2015,EQ,"2,444.95","2,450.15","2,411.10","2,432.65","2,419.90","2,424.55","2,433.78","2,695.00","1,912.50","192,324","468,074,870.10","17,233"
1903,02-Nov-2015,EQ,"2,542.00","2,575.00","2,392.00","2,550.45","2,431.00","2,432.65","2,441.04","2,695.00","1,912.50","535,525","1,307,240,300.55","39,071"
1904,30-Oct-2015,EQ,"2,575.10","2,583.00","2,539.95","2,577.30","2,547.25","2,550.45","2,557.03","2,695.00","1,912.50","167,715","428,852,847.00","14,412"
1905,29-Oct-2015,EQ,"2,572.00","2,600.00","2,562.65","2,570.40","2,570.20","2,577.30","2,583.25","2,695.00","1,912.50","395,616","1,021,976,086.20","17,966"
1906,28-Oct-2015,EQ,"2,580.10","2,585.00","2,558.30","2,582.15","2,568.50","2,570.40","2,571.95","2,695.00","1,912.50","317,563","816,756,542.40","20,357"
1907,27-Oct-2015,EQ,"2,566.05","2,595.00","2,555.05","2,575.60","2,579.50","2,582.15","2,583.18","2,695.00","1,912.50","380,147","981,989,290.20","25,155"
1908,26-Oct-2015,EQ,"2,530.00","2,581.90","2,530.00","2,515.65","2,577.65","2,575.60","2,563.23","2,695.00","1,912.50","521,901","1,337,752,952.35","38,383"
1909,23-Oct-2015,EQ,"2,532.85","2,564.20","2,506.05","2,519.05","2,509.10","2,515.65","2,534.50","2,695.00","1,912.50","497,453","1,260,795,185.70","33,199"
1910,21-Oct-2015,EQ,"2,444.00","2,538.10","2,435.00","2,439.05","2,522.00","2,519.05","2,500.83","2,695.00","1,912.50","1,213,789","3,035,477,238.60","63,725"
1911,20-Oct-2015,EQ,"2,470.00","2,475.00","2,400.00","2,465.40","2,432.35","2,439.05","2,439.18","2,695.00","1,912.50","243,441","593,795,237.60","18,899"
1912,19-Oct-2015,EQ,"2,461.50","2,480.25","2,430.10","2,461.50","2,460.00","2,465.40","2,453.89","2,695.00","1,912.50","202,855","497,784,209.90","13,120"
1913,16-Oct-2015,EQ,"2,456.75","2,487.75","2,436.05","2,450.65","2,458.00","2,461.50","2,465.14","2,695.00","1,912.50","187,013","461,014,118.50","8,999"
1914,15-Oct-2015,EQ,"2,450.00","2,460.00","2,440.40","2,438.95","2,448.45","2,450.65","2,452.59","2,695.00","1,912.50","132,541","325,068,603.90","9,426"
1915,14-Oct-2015,EQ,"2,456.30","2,478.80","2,431.05","2,462.10","2,436.90","2,438.95","2,445.49","2,695.00","1,912.50","110,664","270,628,189.90","6,152"
1916,13-Oct-2015,EQ,"2,430.00","2,478.75","2,425.00","2,422.25","2,464.60","2,462.10","2,458.99","2,695.00","1,912.50","240,921","592,423,524.65","16,604"
1917,12-Oct-2015,EQ,"2,450.50","2,458.95","2,405.70","2,449.60","2,420.00","2,422.25","2,430.26","2,695.00","1,912.50","109,815","266,879,374.40","6,449"
1918,09-Oct-2015,EQ,"2,448.00","2,486.00","2,438.80","2,430.90","2,441.15","2,449.60","2,465.27","2,695.00","1,912.50","226,253","557,774,495.60","14,023"
1919,08-Oct-2015,EQ,"2,479.90","2,479.90","2,406.15","2,451.80","2,434.00","2,430.90","2,434.36","2,695.00","1,912.50","215,467","524,523,739.70","12,127"
1920,07-Oct-2015,EQ,"2,371.10","2,465.00","2,354.05","2,376.75","2,465.00","2,451.80","2,426.78","2,695.00","1,912.50","297,092","720,975,630.25","15,995"
1921,06-Oct-2015,EQ,"2,395.00","2,398.80","2,342.15","2,388.75","2,372.35","2,376.75","2,367.20","2,695.00","1,912.50","214,337","507,379,158.65","13,886"
1922,05-Oct-2015,EQ,"2,325.00","2,405.00","2,311.65","2,315.10","2,388.00","2,388.75","2,366.39","2,695.00","1,912.50","226,860","536,839,107.45","18,067"
1923,01-Oct-2015,EQ,"2,311.00","2,327.35","2,284.10","2,312.10","2,320.10","2,315.10","2,310.66","2,695.00","1,912.50","182,986","422,817,658.30","13,842"
1924,30-Sep-2015,EQ,"2,266.00","2,322.45","2,251.70","2,250.65","2,318.00","2,312.10","2,288.83","2,695.00","1,912.50","306,730","702,051,805.85","26,017"
1925,29-Sep-2015,EQ,"2,258.00","2,293.20","2,205.00","2,274.40","2,254.00","2,250.65","2,247.82","2,695.00","1,912.50","265,626","597,078,678.70","26,282"
1926,28-Sep-2015,EQ,"2,300.00","2,310.00","2,262.45","2,282.95","2,275.00","2,274.40","2,278.58","2,695.00","1,912.50","177,328","404,056,510.10","9,951"
1927,24-Sep-2015,EQ,"2,248.00","2,293.90","2,237.00","2,239.25","2,279.85","2,282.95","2,275.04","2,695.00","1,912.50","403,540","918,069,948.65","19,103"
1928,23-Sep-2015,EQ,"2,242.00","2,256.10","2,210.15","2,259.15","2,239.95","2,239.25","2,233.27","2,695.00","1,912.50","344,990","770,456,580.90","22,756"
1929,22-Sep-2015,EQ,"2,332.90","2,333.00","2,240.35","2,302.60","2,266.95","2,259.15","2,282.35","2,695.00","1,912.50","241,130","550,343,532.05","19,354"
1930,21-Sep-2015,EQ,"2,275.00","2,309.90","2,260.35","2,297.50","2,304.55","2,302.60","2,296.42","2,695.00","1,912.50","165,733","380,592,112.25","15,841"
1931,18-Sep-2015,EQ,"2,375.00","2,378.55","2,273.00","2,350.15","2,273.55","2,297.50","2,319.01","2,695.00","1,912.50","406,288","942,185,211.60","24,960"
1932,16-Sep-2015,EQ,"2,305.10","2,369.00","2,298.60","2,296.40","2,340.00","2,350.15","2,345.36","2,695.00","1,912.50","340,725","799,122,064.35","27,026"
1933,15-Sep-2015,EQ,"2,315.00","2,315.00","2,281.10","2,314.35","2,292.05","2,296.40","2,297.90","2,695.00","1,912.50","188,695","433,601,850.45","15,352"
1934,14-Sep-2015,EQ,"2,345.00","2,345.00","2,296.05","2,325.80","2,317.70","2,314.35","2,312.54","2,695.00","1,912.50","155,057","358,575,131.60","9,667"
1935,11-Sep-2015,EQ,"2,327.00","2,334.20","2,273.00","2,302.70","2,320.05","2,325.80","2,307.65","2,695.00","1,912.50","311,139","718,001,458.60","20,572"
1936,10-Sep-2015,EQ,"2,240.00","2,319.90","2,214.65","2,270.00","2,318.00","2,302.70","2,275.80","2,695.00","1,912.50","280,684","638,780,513.95","25,357"
1937,09-Sep-2015,EQ,"2,220.20","2,280.00","2,220.20","2,205.65","2,270.30","2,270.00","2,257.07","2,695.00","1,912.50","218,609","493,415,837.85","23,001"
1938,08-Sep-2015,EQ,"2,196.10","2,219.00","2,175.55","2,192.10","2,206.30","2,205.65","2,205.03","2,695.00","1,912.50","264,656","583,573,430.85","13,470"
1939,07-Sep-2015,EQ,"2,225.00","2,225.00","2,177.20","2,211.00","2,191.00","2,192.10","2,192.38","2,695.00","1,912.50","201,054","440,786,386.75","13,320"
1940,04-Sep-2015,EQ,"2,235.10","2,235.10","2,183.40","2,248.40","2,212.00","2,211.00","2,202.75","2,695.00","1,912.50","288,883","636,336,436.80","21,464"
1941,03-Sep-2015,EQ,"2,218.15","2,264.90","2,212.50","2,203.50","2,255.00","2,248.40","2,244.14","2,695.00","1,912.50","324,122","727,374,789.15","22,736"
1942,02-Sep-2015,EQ,"2,245.00","2,282.45","2,192.50","2,249.90","2,204.00","2,203.50","2,236.85","2,695.00","1,912.50","396,461","886,824,490.10","24,992"
1943,01-Sep-2015,EQ,"2,212.85","2,258.90","2,211.05","2,232.70","2,252.00","2,249.90","2,237.03","2,695.00","1,912.50","570,898","1,277,113,981.45","36,664"
1944,31-Aug-2015,EQ,"2,261.00","2,270.00","2,221.10","2,279.55","2,235.00","2,232.70","2,238.22","2,695.00","1,912.50","459,532","1,028,535,040.70","21,166"
1945,28-Aug-2015,EQ,"2,214.95","2,293.85","2,202.05","2,187.75","2,272.00","2,279.55","2,263.67","2,695.00","1,912.50","568,948","1,287,912,022.75","47,587"
1946,27-Aug-2015,EQ,"2,270.00","2,270.10","2,176.20","2,244.65","2,191.60","2,187.75","2,198.49","2,695.00","1,912.50","777,058","1,708,353,820.50","46,365"
1947,26-Aug-2015,EQ,"2,194.45","2,270.00","2,133.65","2,198.20","2,240.50","2,244.65","2,228.78","2,695.00","1,912.50","436,233","972,267,182.75","33,705"
1948,25-Aug-2015,EQ,"2,217.50","2,245.90","2,142.85","2,191.55","2,198.70","2,198.20","2,186.00","2,695.00","1,912.50","622,800","1,361,439,050.00","39,661"
1949,24-Aug-2015,EQ,"2,339.70","2,355.70","2,169.00","2,406.20","2,185.00","2,191.55","2,248.45","2,695.00","1,912.50","524,739","1,179,848,317.75","31,206"
1950,21-Aug-2015,EQ,"2,475.05","2,508.60","2,385.00","2,491.80","2,397.00","2,406.20","2,419.40","2,695.00","1,912.50","604,347","1,462,158,757.55","27,860"
1951,20-Aug-2015,EQ,"2,505.05","2,546.25","2,481.60","2,543.05","2,500.00","2,491.80","2,507.37","2,695.00","1,912.50","209,161","524,444,326.30","14,637"
1952,19-Aug-2015,EQ,"2,519.00","2,555.00","2,496.65","2,526.80","2,545.00","2,543.05","2,535.09","2,695.00","1,912.50","176,926","448,524,014.50","17,669"
1953,18-Aug-2015,EQ,"2,540.00","2,569.00","2,520.00","2,535.35","2,528.00","2,526.80","2,535.99","2,695.00","1,912.50","154,551","391,939,152.55","12,531"
1954,17-Aug-2015,EQ,"2,569.00","2,570.00","2,529.95","2,558.60","2,535.10","2,535.35","2,540.11","2,695.00","1,912.50","157,272","399,487,940.20","11,797"
1955,14-Aug-2015,EQ,"2,495.00","2,572.80","2,475.75","2,486.85","2,560.00","2,558.60","2,545.22","2,695.00","1,912.50","255,379","649,996,560.30","23,549"
1956,13-Aug-2015,EQ,"2,470.00","2,510.00","2,422.00","2,462.20","2,500.00","2,486.85","2,475.15","2,695.00","1,912.50","195,819","484,681,768.75","17,496"
1957,12-Aug-2015,EQ,"2,535.00","2,546.80","2,451.40","2,539.90","2,469.00","2,462.20","2,492.55","2,695.00","1,912.50","243,929","608,004,095.95","21,273"
1958,11-Aug-2015,EQ,"2,560.00","2,567.00","2,525.20","2,554.60","2,527.60","2,539.90","2,541.53","2,695.00","1,912.50","184,804","469,685,166.70","12,805"
1959,10-Aug-2015,EQ,"2,544.95","2,573.65","2,541.70","2,537.40","2,559.00","2,554.60","2,559.21","2,695.00","1,912.50","226,672","580,100,726.40","8,081"
1960,07-Aug-2015,EQ,"2,578.35","2,582.00","2,528.50","2,578.35","2,539.00","2,537.40","2,551.80","2,695.00","1,912.50","191,394","488,398,518.25","12,564"
1961,06-Aug-2015,EQ,"2,576.00","2,608.00","2,560.95","2,576.65","2,572.00","2,578.35","2,581.15","2,695.00","1,912.50","369,433","953,562,611.55","14,798"
1962,04-Aug-2015,EQ,"2,524.90","2,524.90","2,477.15","2,504.90","2,511.00","2,511.90","2,507.60","2,695.00","1,912.50","276,076","692,288,611.05","26,578"
1963,03-Aug-2015,EQ,"2,525.00","2,564.60","2,487.30","2,525.30","2,504.50","2,504.90","2,508.69","2,695.00","1,912.50","294,753","739,444,656.30","22,397"
1964,31-Jul-2015,EQ,"2,533.00","2,555.60","2,514.25","2,527.25","2,522.40","2,525.30","2,532.68","2,695.00","1,912.50","245,751","622,408,056.85","13,158"
1965,30-Jul-2015,EQ,"2,500.00","2,534.00","2,500.00","2,497.85","2,527.00","2,527.25","2,524.17","2,695.00","1,912.50","332,527","839,353,587.10","23,103"
1966,29-Jul-2015,EQ,"2,484.60","2,514.75","2,471.90","2,482.00","2,498.80","2,497.85","2,498.66","2,695.00","1,912.50","220,012","549,735,794.10","12,514"
1967,28-Jul-2015,EQ,"2,517.00","2,524.90","2,471.30","2,509.00","2,478.00","2,482.00","2,495.97","2,695.00","1,912.50","248,738","620,841,771.70","19,831"
1968,27-Jul-2015,EQ,"2,494.00","2,529.00","2,460.75","2,497.35","2,508.35","2,509.00","2,507.30","2,695.00","1,912.50","405,369","1,016,380,269.20","24,659"
1969,24-Jul-2015,EQ,"2,492.90","2,518.80","2,477.15","2,489.05","2,501.00","2,497.35","2,498.74","2,695.00","1,912.50","399,738","998,840,508.25","23,697"
1970,23-Jul-2015,EQ,"2,630.00","2,656.00","2,480.00","2,618.90","2,482.00","2,489.05","2,543.03","2,695.00","1,912.50","1,651,767","4,200,491,878.40","101,724"
1971,22-Jul-2015,EQ,"2,548.00","2,628.00","2,548.00","2,542.95","2,626.00","2,618.90","2,604.73","2,695.00","1,912.50","493,192","1,284,633,618.45","28,840"
1972,21-Jul-2015,EQ,"2,508.00","2,572.95","2,508.00","2,520.95","2,555.00","2,542.95","2,544.84","2,695.00","1,912.50","226,485","576,367,080.15","14,762"
1973,20-Jul-2015,EQ,"2,533.00","2,550.20","2,512.65","2,529.45","2,520.00","2,520.95","2,526.67","2,695.00","1,912.50","131,942","333,373,560.15","9,619"
1974,17-Jul-2015,EQ,"2,555.00","2,567.60","2,485.00","2,545.85","2,534.00","2,529.45","2,538.97","2,695.00","1,912.50","259,098","657,841,211.05","18,872"
1975,16-Jul-2015,EQ,"2,540.00","2,561.00","2,537.80","2,532.25","2,545.00","2,545.85","2,548.32","2,695.00","1,912.50","224,838","572,959,829.80","22,548"
1976,15-Jul-2015,EQ,"2,490.00","2,540.00","2,490.00","2,498.70","2,533.00","2,532.25","2,528.25","2,695.00","1,912.50","350,064","885,048,865.05","19,700"
1977,14-Jul-2015,EQ,"2,500.00","2,521.00","2,485.55","2,496.85","2,499.50","2,498.70","2,502.84","2,695.00","1,912.50","341,879","855,667,256.65","28,065"
1978,13-Jul-2015,EQ,"2,480.00","2,507.95","2,439.60","2,466.80","2,500.00","2,496.85","2,483.77","2,695.00","1,912.50","295,109","732,983,110.00","23,670"
1979,10-Jul-2015,EQ,"2,519.90","2,523.40","2,453.65","2,511.25","2,467.00","2,466.80","2,473.33","2,695.00","1,912.50","332,514","822,415,801.80","38,225"
1980,09-Jul-2015,EQ,"2,545.00","2,558.00","2,500.15","2,571.45","2,510.05","2,511.25","2,531.96","2,695.00","1,912.50","239,855","607,303,285.10","26,198"
1981,08-Jul-2015,EQ,"2,589.05","2,608.00","2,560.00","2,603.70","2,578.00","2,571.45","2,581.88","2,695.00","1,912.50","184,524","476,419,620.80","17,324"
1982,07-Jul-2015,EQ,"2,602.00","2,612.90","2,585.00","2,595.35","2,605.00","2,603.70","2,602.62","2,695.00","1,912.50","184,985","481,446,186.85","14,749"
1983,06-Jul-2015,EQ,"2,572.00","2,602.95","2,569.50","2,588.00","2,595.95","2,595.35","2,593.05","2,695.00","1,912.50","254,273","659,343,148.90","16,200"
1984,03-Jul-2015,EQ,"2,580.00","2,609.00","2,575.00","2,566.20","2,586.20","2,588.00","2,591.39","2,695.00","1,912.50","346,267","897,314,352.70","22,021"
1985,02-Jul-2015,EQ,"2,550.00","2,586.20","2,528.00","2,526.25","2,563.10","2,566.20","2,568.12","2,695.00","1,912.50","338,991","870,568,955.80","24,771"
1986,01-Jul-2015,EQ,"2,541.95","2,555.00","2,516.00","2,541.95","2,532.00","2,526.25","2,531.35","2,695.00","1,912.50","251,469","636,557,080.20","20,389"
1987,30-Jun-2015,EQ,"2,552.45","2,584.00","2,531.10","2,558.85","2,535.20","2,541.95","2,558.24","2,695.00","1,912.50","629,086","1,609,350,817.65","25,880"
1988,29-Jun-2015,EQ,"2,500.00","2,574.05","2,480.45","2,544.80","2,550.35","2,558.85","2,542.68","2,695.00","1,912.50","579,466","1,473,395,829.55","32,099"
1989,26-Jun-2015,EQ,"2,494.00","2,554.00","2,471.00","2,504.30","2,545.00","2,544.80","2,523.62","2,695.00","1,912.50","662,174","1,671,076,901.40","35,649"
1990,25-Jun-2015,EQ,"2,400.00","2,530.00","2,390.00","2,392.60","2,510.00","2,504.30","2,474.12","2,695.00","1,912.50","927,513","2,294,774,543.65","51,525"
1991,24-Jun-2015,EQ,"2,414.95","2,414.95","2,388.60","2,414.30","2,391.05","2,392.60","2,397.74","2,695.00","1,912.50","263,531","631,879,345.90","19,425"
1992,23-Jun-2015,EQ,"2,425.05","2,438.00","2,402.30","2,425.05","2,404.00","2,414.30","2,422.54","2,695.00","1,912.50","291,949","707,256,848.35","29,607"
1993,22-Jun-2015,EQ,"2,405.05","2,436.45","2,397.20","2,407.75","2,426.90","2,425.05","2,422.87","2,695.00","1,912.50","244,573","592,569,683.90","16,224"
1994,19-Jun-2015,EQ,"2,409.95","2,425.00","2,390.20","2,396.00","2,403.00","2,407.75","2,405.98","2,695.00","1,912.50","327,523","788,013,862.80","24,147"
1995,18-Jun-2015,EQ,"2,370.00","2,412.40","2,369.10","2,372.00","2,388.50","2,396.00","2,392.84","2,695.00","1,912.50","308,116","737,271,467.95","25,478"
1996,17-Jun-2015,EQ,"2,395.00","2,408.50","2,362.00","2,391.10","2,367.90","2,372.00","2,383.22","2,695.00","1,912.50","366,641","873,787,190.20","42,056"
1997,16-Jun-2015,EQ,"2,329.00","2,403.15","2,314.20","2,332.35","2,393.00","2,391.10","2,353.73","2,695.00","1,912.50","457,467","1,076,753,129.90","30,104"
1998,15-Jun-2015,EQ,"2,286.30","2,339.15","2,261.60","2,286.30","2,335.00","2,332.35","2,305.80","2,695.00","1,912.50","501,630","1,156,659,568.15","35,271"
1999,12-Jun-2015,EQ,"2,220.00","2,297.00","2,201.40","2,213.55","2,282.00","2,286.30","2,269.98","2,695.00","1,912.50","575,268","1,305,848,408.05","34,017"
2000,11-Jun-2015,EQ,"2,266.00","2,277.40","2,207.00","2,253.15","2,230.00","2,213.55","2,233.28","2,695.00","1,912.50","350,425","782,595,854.30","31,224"
2001,10-Jun-2015,EQ,"2,182.00","2,266.25","2,179.00","2,190.70","2,265.00","2,253.15","2,233.04","2,695.00","1,912.50","409,711","914,901,191.50","22,055"
2002,09-Jun-2015,EQ,"2,218.70","2,232.50","2,177.40","2,224.20","2,178.00","2,190.70","2,210.35","2,695.00","1,912.50","296,262","654,843,311.80","18,790"
2003,08-Jun-2015,EQ,"2,200.00","2,240.50","2,200.00","2,198.50","2,222.00","2,224.20","2,218.88","2,695.00","1,912.50","372,632","826,826,358.10","23,156"
2004,05-Jun-2015,EQ,"2,203.70","2,236.00","2,191.35","2,218.00","2,199.90","2,198.50","2,210.93","2,695.00","1,912.50","187,374","414,271,680.45","14,972"
2005,04-Jun-2015,EQ,"2,244.80","2,261.00","2,190.55","2,240.00","2,206.00","2,218.00","2,228.57","2,695.00","1,912.50","193,842","431,989,566.35","17,323"
2006,03-Jun-2015,EQ,"2,251.00","2,290.85","2,229.25","2,270.70","2,240.45","2,240.00","2,249.88","2,695.00","1,912.50","231,100","519,947,496.60","14,066"
2007,02-Jun-2015,EQ,"2,342.00","2,347.05","2,262.15","2,337.75","2,266.55","2,270.70","2,319.40","2,695.00","1,912.50","516,279","1,197,457,227.45","21,845"
2008,01-Jun-2015,EQ,"2,318.55","2,351.00","2,306.30","2,316.10","2,333.95","2,337.75","2,334.09","2,695.00","1,912.50","284,450","663,930,491.10","17,459"
2009,29-May-2015,EQ,"2,313.25","2,331.00","2,286.05","2,302.95","2,312.25","2,316.10","2,314.29","2,695.00","1,912.50","549,255","1,271,134,718.45","36,051"
2010,28-May-2015,EQ,"2,312.25","2,335.00","2,275.00","2,312.40","2,312.00","2,302.95","2,301.01","2,695.00","1,912.50","418,946","963,998,505.65","23,557"
2011,27-May-2015,EQ,"2,303.45","2,336.75","2,303.45","2,321.30","2,315.00","2,312.40","2,318.60","2,695.00","1,912.50","504,244","1,169,138,861.00","16,261"
2012,26-May-2015,EQ,"2,310.00","2,330.00","2,285.10","2,298.85","2,327.10","2,321.30","2,308.41","2,695.00","1,912.50","275,643","636,297,988.90","15,613"
2013,25-May-2015,EQ,"2,300.00","2,323.95","2,280.70","2,307.45","2,301.75","2,298.85","2,299.15","2,695.00","1,912.50","414,481","952,953,045.10","21,045"
2014,22-May-2015,EQ,"2,290.00","2,340.90","2,255.00","2,300.30","2,305.00","2,307.45","2,282.67","2,695.00","1,840.10","920,884","2,102,073,991.95","37,538"
2015,21-May-2015,EQ,"2,144.10","2,314.00","2,123.30","2,151.35","2,314.00","2,300.30","2,218.84","2,695.00","1,840.10","2,610,990","5,793,372,811.70","146,937"
2016,20-May-2015,EQ,"2,210.00","2,223.00","2,136.00","2,202.60","2,150.30","2,151.35","2,167.97","2,695.00","1,840.10","399,901","866,974,469.05","29,746"
2017,19-May-2015,EQ,"2,220.00","2,243.75","2,195.25","2,220.70","2,205.85","2,202.60","2,223.60","2,695.00","1,840.10","212,926","473,462,997.60","15,022"
2018,18-May-2015,EQ,"2,192.00","2,227.90","2,176.75","2,186.50","2,227.00","2,220.70","2,206.91","2,695.00","1,840.10","275,731","608,514,519.85","33,243"
2019,15-May-2015,EQ,"2,165.00","2,192.00","2,152.00","2,165.85","2,188.00","2,186.50","2,176.65","2,695.00","1,840.10","175,574","382,163,680.85","19,992"
2020,14-May-2015,EQ,"2,126.00","2,179.00","2,107.20","2,125.90","2,156.35","2,165.85","2,157.22","2,695.00","1,840.10","424,064","914,799,786.80","27,837"
2021,12-May-2015,EQ,"2,182.40","2,185.00","2,125.00","2,182.40","2,127.50","2,128.90","2,141.39","2,695.00","1,840.10","267,754","573,366,315.60","26,740"
2022,11-May-2015,EQ,"2,131.00","2,193.25","2,131.00","2,123.05","2,180.00","2,182.40","2,174.23","2,695.00","1,840.10","312,569","679,597,929.90","23,581"
2023,08-May-2015,EQ,"2,078.15","2,148.10","2,049.80","2,067.85","2,123.30","2,123.05","2,124.23","2,695.00","1,840.10","338,090","718,180,610.20","25,215"
2024,07-May-2015,EQ,"2,010.00","2,089.90","2,006.95","2,020.30","2,062.00","2,067.85","2,063.22","2,695.00","1,840.10","433,821","895,067,897.80","33,462"
2025,06-May-2015,EQ,"2,056.90","2,056.90","2,016.15","2,061.65","2,020.00","2,020.30","2,029.16","2,695.00","1,840.10","649,622","1,318,186,296.35","26,359"
2026,05-May-2015,EQ,"2,087.90","2,087.90","2,029.25","2,087.90","2,062.15","2,061.65","2,057.08","2,695.00","1,840.10","291,839","600,335,616.60","20,397"
2027,04-May-2015,EQ,"1,958.80","2,098.70","1,932.95","1,948.65","2,090.20","2,087.90","2,043.80","2,695.00","1,840.10","610,067","1,246,857,936.75","29,758"
2028,30-Apr-2015,EQ,"1,977.80","1,977.80","1,912.50","1,978.65","1,939.00","1,948.65","1,946.34","2,695.00","1,840.10","1,262,699","2,457,637,729.60","38,410"
2029,29-Apr-2015,EQ,"1,990.20","2,002.70","1,971.00","1,990.15","1,973.10","1,978.65","1,981.75","2,695.00","1,840.10","152,835","302,881,081.85","18,078"
2030,28-Apr-2015,EQ,"1,985.00","2,000.00","1,943.75","1,984.45","1,997.85","1,990.15","1,986.20","2,695.00","1,840.10","217,394","431,787,277.20","21,299"
2031,27-Apr-2015,EQ,"2,006.00","2,009.95","1,970.05","1,998.85","1,989.90","1,984.45","1,989.55","2,695.00","1,840.10","228,380","454,373,184.00","21,899"
2032,24-Apr-2015,EQ,"1,990.50","2,007.95","1,961.00","1,991.05","1,999.80","1,998.85","1,989.34","2,695.00","1,840.10","269,572","536,271,521.80","18,718"
2033,23-Apr-2015,EQ,"1,992.00","2,017.60","1,973.40","1,983.70","1,994.80","1,991.05","1,994.28","2,695.00","1,840.10","145,385","289,938,984.75","11,987"
2034,22-Apr-2015,EQ,"1,995.10","2,025.00","1,943.00","1,988.45","1,990.00","1,983.70","1,983.52","2,695.00","1,840.10","326,374","647,370,397.05","28,768"
2035,21-Apr-2015,EQ,"2,025.70","2,055.30","1,980.00","2,022.05","1,988.45","1,988.45","2,011.37","2,695.00","1,840.10","260,092","523,140,636.75","24,952"
2036,20-Apr-2015,EQ,"2,065.00","2,083.05","2,000.60","2,065.30","2,019.55","2,022.05","2,050.04","2,695.00","1,840.10","257,106","527,076,848.05","25,305"
2037,17-Apr-2015,EQ,"2,063.65","2,080.00","2,040.00","2,088.05","2,068.00","2,065.30","2,061.17","2,695.00","1,840.10","178,998","368,945,836.30","13,441"
2038,16-Apr-2015,EQ,"2,067.50","2,094.60","2,050.00","2,075.00","2,084.00","2,088.05","2,074.44","2,695.00","1,840.10","252,040","522,842,106.95","18,293"
2039,15-Apr-2015,EQ,"2,101.00","2,115.30","2,060.00","2,095.30","2,060.55","2,075.00","2,084.53","2,695.00","1,840.10","190,435","396,966,562.65","18,154"
2040,13-Apr-2015,EQ,"2,115.00","2,115.00","2,080.00","2,098.75","2,097.00","2,095.30","2,094.75","2,695.00","1,840.10","250,008","523,703,525.95","19,898"
2041,10-Apr-2015,EQ,"2,106.00","2,106.00","2,077.55","2,098.55","2,093.00","2,098.75","2,095.72","2,695.00","1,840.10","156,593","328,174,349.70","10,892"
2042,09-Apr-2015,EQ,"2,101.15","2,107.00","2,078.30","2,099.50","2,097.90","2,098.55","2,096.92","2,695.00","1,840.10","219,282","459,817,202.50","22,513"
2043,08-Apr-2015,EQ,"2,091.35","2,128.00","2,082.00","2,094.55","2,096.10","2,099.50","2,101.09","2,695.00","1,840.10","243,842","512,334,897.35","21,926"
2044,07-Apr-2015,EQ,"2,039.95","2,098.00","2,026.90","2,036.40","2,091.10","2,094.55","2,081.79","2,695.00","1,840.10","374,689","780,023,631.25","35,678"
2045,06-Apr-2015,EQ,"2,030.00","2,047.20","1,993.65","2,019.80","2,034.50","2,036.40","2,019.58","2,695.00","1,840.10","281,023","567,548,286.65","15,343"
2046,01-Apr-2015,EQ,"2,027.05","2,035.00","2,002.95","2,016.60","2,019.00","2,019.80","2,019.31","2,695.00","1,840.10","208,545","421,117,295.60","14,112"
2047,31-Mar-2015,EQ,"2,035.00","2,035.00","2,004.90","2,028.00","2,015.50","2,016.60","2,015.24","2,695.00","1,840.10","263,684","531,386,011.80","22,713"
2048,30-Mar-2015,EQ,"2,030.00","2,043.70","1,998.30","2,016.90","2,026.35","2,028.00","2,025.15","2,695.00","1,840.10","235,638","477,202,608.90","11,731"
2049,27-Mar-2015,EQ,"2,009.00","2,022.00","1,980.00","2,004.30","2,019.00","2,016.90","1,999.07","2,695.00","1,840.10","439,910","879,410,217.95","23,334"
2050,26-Mar-2015,EQ,"2,019.00","2,032.50","1,990.00","2,016.85","2,001.95","2,004.30","2,009.69","2,695.00","1,840.10","1,046,160","2,102,454,676.15","35,267"
2051,25-Mar-2015,EQ,"2,032.00","2,035.00","2,008.15","2,028.00","2,012.40","2,016.85","2,016.68","2,695.00","1,840.10","722,561","1,457,176,205.05","20,485"
2052,24-Mar-2015,EQ,"2,034.00","2,040.90","2,020.00","2,031.75","2,027.00","2,028.00","2,029.18","2,695.00","1,840.10","1,002,496","2,034,244,490.65","16,131"
2053,23-Mar-2015,EQ,"2,011.80","2,041.80","2,010.05","2,017.85","2,030.00","2,031.75","2,032.47","2,695.00","1,840.10","420,806","855,274,956.15","25,770"
2054,20-Mar-2015,EQ,"2,035.00","2,035.00","2,007.25","2,025.35","2,014.30","2,017.85","2,018.74","2,695.00","1,840.10","579,513","1,169,883,263.45","16,745"
2055,19-Mar-2015,EQ,"2,040.10","2,047.00","2,020.85","2,031.25","2,026.00","2,025.35","2,034.74","2,695.00","1,840.10","500,745","1,018,884,600.65","28,338"
2056,18-Mar-2015,EQ,"2,050.10","2,054.60","2,026.00","2,047.20","2,028.00","2,031.25","2,037.20","2,695.00","1,840.10","634,025","1,291,634,223.40","20,148"
2057,17-Mar-2015,EQ,"2,040.00","2,057.00","2,027.70","2,025.50","2,042.00","2,047.20","2,045.46","2,695.00","1,840.10","256,565","524,794,721.25","12,197"
2058,16-Mar-2015,EQ,"2,010.00","2,059.00","2,010.00","2,023.10","2,021.30","2,025.50","2,035.68","2,695.00","1,840.10","371,543","756,340,976.05","21,474"
2059,13-Mar-2015,EQ,"2,079.00","2,084.90","2,011.00","2,072.75","2,028.30","2,023.10","2,030.96","2,695.00","1,840.10","828,945","1,683,551,910.20","41,803"
2060,12-Mar-2015,EQ,"2,105.00","2,113.00","2,067.00","2,098.30","2,069.85","2,072.75","2,080.36","2,695.00","1,840.10","475,656","989,534,716.55","35,146"
2061,11-Mar-2015,EQ,"2,140.00","2,149.00","2,088.00","2,129.25","2,099.60","2,098.30","2,120.76","2,695.00","1,840.10","338,536","717,955,053.70","25,778"
2062,10-Mar-2015,EQ,"2,120.00","2,156.00","2,111.30","2,109.85","2,128.00","2,129.25","2,140.94","2,695.00","1,840.10","401,075","858,678,640.45","34,034"
2063,09-Mar-2015,EQ,"2,110.00","2,149.55","2,091.75","2,118.65","2,110.00","2,109.85","2,117.02","2,695.00","1,840.10","334,555","708,258,603.75","22,511"
2064,05-Mar-2015,EQ,"2,124.00","2,139.60","2,105.60","2,122.10","2,119.00","2,118.65","2,120.11","2,695.00","1,840.10","237,799","504,160,901.50","12,253"
2065,04-Mar-2015,EQ,"2,117.55","2,139.00","2,110.05","2,117.50","2,121.00","2,122.10","2,124.36","2,695.00","1,840.10","421,933","896,335,889.40","27,054"
2066,03-Mar-2015,EQ,"2,067.00","2,123.80","2,058.10","2,074.25","2,110.00","2,117.50","2,102.37","2,695.00","1,840.10","325,920","685,204,041.15","15,907"
2067,02-Mar-2015,EQ,"2,168.00","2,209.35","2,053.00","2,153.45","2,078.00","2,074.25","2,099.75","2,695.00","1,840.10","789,363","1,657,462,379.55","43,980"
2068,28-Feb-2015,EQ,"2,161.00","2,175.35","2,121.90","2,150.50","2,165.15","2,153.45","2,149.27","2,695.00","1,840.10","162,188","348,586,114.20","8,732"
2069,27-Feb-2015,EQ,"2,140.10","2,161.85","2,108.30","2,134.85","2,151.00","2,150.50","2,146.36","2,695.00","1,840.10","424,147","910,374,109.45","28,244"
2070,26-Feb-2015,EQ,"2,181.00","2,186.25","2,128.00","2,179.95","2,135.05","2,134.85","2,138.03","2,695.00","1,840.10","735,318","1,572,134,945.20","24,786"
2071,25-Feb-2015,EQ,"2,200.10","2,203.00","2,173.00","2,191.45","2,181.00","2,179.95","2,184.24","2,695.00","1,840.10","407,474","890,020,334.35","17,624"
2072,24-Feb-2015,EQ,"2,182.00","2,204.00","2,173.30","2,181.15","2,190.00","2,191.45","2,191.53","2,695.00","1,840.10","280,197","614,060,123.40","15,661"
2073,23-Feb-2015,EQ,"2,215.00","2,222.60","2,171.05","2,206.80","2,188.00","2,181.15","2,188.27","2,695.00","1,840.10","427,575","935,648,921.25","22,811"
2074,20-Feb-2015,EQ,"2,230.00","2,240.00","2,200.70","2,212.55","2,210.00","2,206.80","2,220.84","2,695.00","1,810.00","506,875","1,125,688,240.10","17,741"
2075,19-Feb-2015,EQ,"2,242.65","2,242.65","2,200.00","2,240.30","2,225.00","2,212.55","2,213.87","2,695.00","1,810.00","924,708","2,047,187,792.70","31,288"
2076,18-Feb-2015,EQ,"2,263.20","2,264.00","2,230.05","2,261.85","2,239.40","2,240.30","2,240.30","2,695.00","1,810.00","318,828","714,271,619.15","13,833"
2077,16-Feb-2015,EQ,"2,263.20","2,280.85","2,253.30","2,260.80","2,261.40","2,261.85","2,263.96","2,695.00","1,810.00","1,062,376","2,405,181,780.70","11,589"
2078,13-Feb-2015,EQ,"2,272.35","2,283.70","2,250.00","2,262.45","2,265.35","2,260.80","2,260.36","2,695.00","1,810.00","543,888","1,229,383,419.10","17,192"
2079,12-Feb-2015,EQ,"2,285.00","2,314.90","2,257.80","2,280.60","2,280.35","2,262.45","2,271.26","2,695.00","1,810.00","638,711","1,450,678,695.05","23,480"
2080,11-Feb-2015,EQ,"2,268.00","2,294.00","2,253.90","2,267.95","2,280.00","2,280.60","2,276.78","2,695.00","1,810.00","212,912","484,753,808.80","18,595"
2081,10-Feb-2015,EQ,"2,241.10","2,278.60","2,238.00","2,269.15","2,261.00","2,267.95","2,265.55","2,695.00","1,810.00","258,202","584,968,361.80","17,255"
2082,09-Feb-2015,EQ,"2,210.00","2,274.75","2,195.05","2,223.30","2,259.05","2,269.15","2,257.73","2,695.00","1,810.00","274,052","618,736,600.15","23,367"
2083,06-Feb-2015,EQ,"2,240.05","2,257.80","2,020.90","2,245.30","2,220.00","2,223.30","2,217.52","2,695.00","1,793.20","296,601","657,717,706.05","20,432"
2084,05-Feb-2015,EQ,"2,253.00","2,270.00","2,240.05","2,245.30","2,254.00","2,245.30","2,249.41","2,695.00","1,793.20","272,367","612,664,203.35","19,490"
2085,04-Feb-2015,EQ,"2,281.80","2,281.80","2,230.35","2,260.75","2,248.00","2,245.30","2,246.12","2,695.00","1,793.20","399,841","898,090,641.75","32,180"
2086,03-Feb-2015,EQ,"2,350.05","2,368.00","2,256.50","2,349.30","2,260.00","2,260.75","2,276.80","2,695.00","1,793.20","727,453","1,656,261,997.65","47,459"
2087,02-Feb-2015,EQ,"2,390.00","2,421.25","2,325.00","2,391.70","2,348.00","2,349.30","2,350.73","2,695.00","1,793.20","444,651","1,045,253,978.95","29,128"
2088,30-Jan-2015,EQ,"2,406.45","2,416.20","2,374.20","2,404.70","2,389.05","2,391.70","2,388.26","2,695.00","1,793.20","261,718","625,051,849.00","31,231"
2089,29-Jan-2015,EQ,"2,396.70","2,416.80","2,376.30","2,398.80","2,393.15","2,404.70","2,398.12","2,695.00","1,793.20","391,136","937,992,168.10","28,457"
2090,28-Jan-2015,EQ,"2,414.40","2,414.40","2,383.30","2,419.85","2,398.00","2,398.80","2,399.70","2,695.00","1,793.20","963,742","2,312,690,196.85","34,252"
2091,27-Jan-2015,EQ,"2,428.20","2,439.95","2,387.25","2,441.50","2,418.00","2,419.85","2,405.16","2,695.00","1,793.20","507,659","1,221,002,886.00","32,083"
2092,23-Jan-2015,EQ,"2,470.90","2,474.00","2,420.00","2,444.30","2,437.80","2,441.50","2,445.30","2,695.00","1,793.20","356,732","872,317,421.55","22,736"
2093,22-Jan-2015,EQ,"2,455.25","2,491.25","2,438.10","2,446.65","2,444.80","2,444.30","2,453.53","2,695.00","1,793.20","748,394","1,836,209,963.70","18,367"
2094,21-Jan-2015,EQ,"2,420.00","2,456.50","2,399.45","2,404.25","2,454.00","2,446.65","2,434.61","2,695.00","1,793.20","201,858","491,445,806.65","12,148"
2095,20-Jan-2015,EQ,"2,407.00","2,417.60","2,375.25","2,403.90","2,396.30","2,404.25","2,399.22","2,695.00","1,793.20","197,434","473,687,540.60","17,433"
2096,19-Jan-2015,EQ,"2,420.10","2,420.10","2,399.50","2,420.15","2,404.95","2,403.90","2,407.21","2,695.00","1,793.20","368,777","887,724,098.50","8,149"
2097,16-Jan-2015,EQ,"2,420.00","2,442.00","2,393.80","2,417.95","2,415.00","2,420.15","2,416.82","2,695.00","1,793.20","270,014","652,574,754.15","22,161"
2098,15-Jan-2015,EQ,"2,380.10","2,437.35","2,357.75","2,363.45","2,415.00","2,417.95","2,408.76","2,695.00","1,793.20","726,566","1,750,119,954.05","39,156"
2099,14-Jan-2015,EQ,"2,318.30","2,369.90","2,318.30","2,324.10","2,365.10","2,363.45","2,356.22","2,695.00","1,793.20","217,775","513,126,354.75","12,160"
2100,13-Jan-2015,EQ,"2,340.00","2,355.15","2,313.80","2,334.00","2,326.45","2,324.10","2,332.46","2,695.00","1,793.20","161,658","377,061,245.60","10,780"
2101,12-Jan-2015,EQ,"2,385.00","2,396.00","2,323.10","2,375.85","2,336.10","2,334.00","2,342.02","2,695.00","1,793.20","203,022","475,481,577.50","13,417"
2102,09-Jan-2015,EQ,"2,455.00","2,468.90","2,350.00","2,450.40","2,375.00","2,375.85","2,395.83","2,695.00","1,793.20","245,974","589,311,978.20","17,920"
2103,08-Jan-2015,EQ,"2,447.65","2,465.00","2,436.10","2,447.20","2,448.00","2,450.40","2,449.91","2,695.00","1,793.20","4,301,348","10,537,923,776.95","32,264"
2104,07-Jan-2015,EQ,"2,442.00","2,475.60","2,432.05","2,441.50","2,446.00","2,447.20","2,452.70","2,695.00","1,793.20","189,191","464,029,078.95","14,913"
2105,06-Jan-2015,EQ,"2,454.30","2,469.90","2,430.00","2,460.70","2,445.00","2,441.50","2,442.89","2,695.00","1,793.20","580,496","1,418,088,576.15","12,981"
2106,05-Jan-2015,EQ,"2,452.00","2,481.20","2,450.00","2,451.75","2,459.00","2,460.70","2,465.39","2,695.00","1,793.20","118,873","293,068,093.65","9,881"
2107,02-Jan-2015,EQ,"2,457.00","2,476.40","2,432.00","2,452.15","2,446.00","2,451.75","2,452.07","2,695.00","1,793.20","164,726","403,919,700.45","10,233"
2108,01-Jan-2015,EQ,"2,431.00","2,458.30","2,428.45","2,432.45","2,457.75","2,452.15","2,446.07","2,695.00","1,793.20","72,928","178,387,129.15","5,234"
2109,31-Dec-2014,EQ,"2,421.05","2,448.70","2,414.50","2,455.05","2,430.05","2,432.45","2,433.74","2,695.00","1,793.20","202,699","493,316,353.50","12,618"
2110,30-Dec-2014,EQ,"2,490.00","2,490.65","2,451.00","2,484.80","2,453.00","2,455.05","2,466.41","2,695.00","1,793.20","89,969","221,900,655.60","7,895"
2111,29-Dec-2014,EQ,"2,499.70","2,505.00","2,479.65","2,480.70","2,483.20","2,484.80","2,488.49","2,695.00","1,793.20","93,039","231,526,851.75","8,789"
2112,26-Dec-2014,EQ,"2,483.00","2,499.00","2,460.10","2,477.70","2,488.10","2,480.70","2,477.65","2,695.00","1,793.20","86,469","214,240,333.05","5,233"
2113,24-Dec-2014,EQ,"2,530.95","2,539.00","2,462.10","2,519.25","2,483.00","2,477.70","2,486.66","2,695.00","1,793.20","414,127","1,029,794,026.20","13,620"
2114,23-Dec-2014,EQ,"2,475.00","2,526.30","2,465.55","2,477.30","2,526.00","2,519.25","2,508.94","2,695.00","1,793.20","165,201","414,479,789.00","10,944"
2115,22-Dec-2014,EQ,"2,510.00","2,510.00","2,453.10","2,473.55","2,481.00","2,477.30","2,473.09","2,695.00","1,793.20","281,967","697,328,695.30","21,381"
2116,19-Dec-2014,EQ,"2,505.80","2,524.20","2,454.25","2,503.15","2,459.00","2,473.55","2,493.64","2,695.00","1,793.20","283,580","707,147,189.15","11,682"
2117,18-Dec-2014,EQ,"2,480.50","2,528.60","2,471.00","2,463.05","2,499.05","2,503.15","2,498.02","2,695.00","1,793.20","287,186","717,394,953.95","13,183"
2118,17-Dec-2014,EQ,"2,485.15","2,509.50","2,444.85","2,494.75","2,451.30","2,463.05","2,471.99","2,695.00","1,793.20","280,480","693,343,221.45","23,010"
2119,16-Dec-2014,EQ,"2,496.00","2,536.80","2,475.00","2,517.90","2,504.40","2,494.75","2,500.37","2,695.00","1,793.20","219,221","548,133,279.25","17,211"
2120,15-Dec-2014,EQ,"2,500.00","2,545.05","2,498.05","2,521.35","2,522.00","2,517.90","2,525.38","2,695.00","1,793.20","171,678","433,551,665.90","13,038"
2121,12-Dec-2014,EQ,"2,553.00","2,572.60","2,510.30","2,563.20","2,515.15","2,521.35","2,540.88","2,695.00","1,793.20","221,415","562,588,317.00","15,258"
2122,11-Dec-2014,EQ,"2,568.05","2,592.60","2,540.60","2,569.50","2,562.00","2,563.20","2,567.07","2,695.00","1,793.20","185,957","477,363,973.15","11,404"
2123,10-Dec-2014,EQ,"2,608.90","2,617.35","2,555.75","2,608.85","2,565.55","2,569.50","2,572.20","2,695.00","1,793.20","515,235","1,325,287,842.25","30,642"
2124,09-Dec-2014,EQ,"2,600.00","2,641.20","2,595.00","2,614.65","2,605.00","2,608.85","2,614.14","2,695.00","1,793.20","579,980","1,516,149,105.10","17,172"
2125,08-Dec-2014,EQ,"2,625.00","2,637.55","2,597.10","2,619.90","2,605.10","2,614.65","2,617.15","2,695.00","1,793.20","265,082","693,760,333.95","16,749"
2126,05-Dec-2014,EQ,"2,625.00","2,637.95","2,611.25","2,625.10","2,611.25","2,619.90","2,620.44","2,695.00","1,793.20","108,559","284,471,986.75","9,570"
2127,04-Dec-2014,EQ,"2,609.60","2,632.95","2,588.80","2,609.90","2,624.10","2,625.10","2,600.48","2,695.00","1,793.20","274,078","712,733,132.35","8,516"
2128,03-Dec-2014,EQ,"2,620.00","2,628.10","2,586.00","2,602.35","2,612.00","2,609.90","2,600.71","2,695.00","1,793.20","303,233","788,620,063.25","15,797"
2129,02-Dec-2014,EQ,"2,586.00","2,614.80","2,555.70","2,636.30","2,607.80","2,602.35","2,595.00","2,695.00","1,793.20","391,070","1,014,827,689.00","14,773"
2130,01-Dec-2014,EQ,"2,642.50","2,660.80","2,613.05","2,640.80","2,630.30","2,636.30","2,639.90","2,695.00","1,793.20","199,683","527,142,940.95","10,121"
2131,28-Nov-2014,EQ,"2,654.00","2,675.55","2,630.70","2,649.60","2,644.60","2,640.80","2,643.00","2,695.00","1,793.20","379,312","1,002,522,618.00","16,103"
2132,27-Nov-2014,EQ,"2,617.20","2,654.00","2,590.00","2,614.45","2,654.00","2,649.60","2,620.36","2,695.00","1,793.20","316,876","830,330,773.55","12,775"
2133,26-Nov-2014,EQ,"2,620.00","2,624.80","2,570.15","2,644.00","2,615.00","2,614.45","2,602.82","2,695.00","1,793.20","565,178","1,471,055,758.20","25,171"
2134,25-Nov-2014,EQ,"2,670.20","2,680.30","2,614.25","2,675.10","2,643.00","2,644.00","2,644.10","2,695.00","1,793.20","187,589","496,003,334.00","11,397"
2135,24-Nov-2014,EQ,"2,661.00","2,695.00","2,649.00","2,673.45","2,675.00","2,675.10","2,676.89","2,695.00","1,793.20","266,487","713,355,609.95","8,839"
2136,21-Nov-2014,EQ,"2,659.00","2,685.00","2,652.50","2,655.30","2,675.95","2,673.45","2,677.32","2,688.00","1,793.20","476,658","1,276,167,833.40","8,625"
2137,20-Nov-2014,EQ,"2,685.00","2,685.00","2,643.00","2,674.95","2,657.00","2,655.30","2,655.99","2,688.00","1,793.20","322,054","855,373,700.65","8,968"
2138,19-Nov-2014,EQ,"2,647.00","2,688.00","2,646.85","2,643.95","2,673.00","2,674.95","2,674.56","2,688.00","1,793.20","886,479","2,370,944,312.10","18,225"
2139,18-Nov-2014,EQ,"2,660.00","2,673.85","2,635.10","2,657.65","2,644.10","2,643.95","2,645.99","2,678.20","1,793.20","435,031","1,151,089,202.85","10,212"
2140,17-Nov-2014,EQ,"2,645.00","2,678.20","2,642.85","2,652.85","2,665.00","2,657.65","2,657.68","2,678.20","1,793.20","412,309","1,095,785,443.60","8,108"
2141,14-Nov-2014,EQ,"2,625.00","2,663.65","2,612.00","2,609.80","2,647.00","2,652.85","2,651.22","2,663.65","1,793.20","444,633","1,178,817,809.50","16,182"
2142,13-Nov-2014,EQ,"2,600.00","2,622.90","2,595.20","2,599.55","2,613.00","2,609.80","2,611.01","2,628.25","1,793.20","515,905","1,347,035,255.90","12,013"
2143,12-Nov-2014,EQ,"2,549.55","2,624.95","2,549.55","2,549.55","2,595.00","2,599.55","2,602.37","2,628.25","1,793.20","197,549","514,095,381.70","11,823"
2144,11-Nov-2014,EQ,"2,541.10","2,559.80","2,536.70","2,543.40","2,541.35","2,549.55","2,550.06","2,628.25","1,793.20","130,258","332,166,190.55","10,668"
2145,10-Nov-2014,EQ,"2,545.00","2,574.65","2,520.60","2,539.70","2,539.50","2,543.40","2,540.28","2,628.25","1,793.20","113,533","288,405,620.85","10,191"
2146,07-Nov-2014,EQ,"2,575.00","2,584.65","2,532.80","2,570.70","2,543.00","2,539.70","2,548.83","2,628.25","1,793.20","237,582","605,557,226.05","18,426"
2147,05-Nov-2014,EQ,"2,594.00","2,624.75","2,561.25","2,574.25","2,572.95","2,570.70","2,588.28","2,628.25","1,793.20","347,958","900,611,785.30","35,887"
2148,03-Nov-2014,EQ,"2,611.00","2,611.00","2,550.40","2,611.05","2,570.00","2,574.25","2,571.87","2,628.25","1,793.20","242,127","622,718,667.85","12,233"
2149,31-Oct-2014,EQ,"2,581.95","2,628.25","2,564.10","2,577.50","2,608.85","2,611.05","2,598.82","2,628.25","1,793.20","256,645","666,974,495.30","11,423"
2150,30-Oct-2014,EQ,"2,555.00","2,585.00","2,535.00","2,551.25","2,560.30","2,577.50","2,561.24","2,585.00","1,793.20","231,014","591,681,191.75","15,880"
2151,29-Oct-2014,EQ,"2,515.00","2,560.00","2,496.55","2,499.25","2,558.00","2,551.25","2,528.98","2,560.00","1,793.20","225,834","571,130,211.60","23,196"
2152,28-Oct-2014,EQ,"2,520.00","2,522.85","2,470.45","2,517.45","2,493.75","2,499.25","2,491.85","2,544.95","1,793.20","144,763","360,727,415.40","12,058"
2153,27-Oct-2014,EQ,"2,535.60","2,544.95","2,502.10","2,529.70","2,515.00","2,517.45","2,520.20","2,544.95","1,793.20","126,144","317,908,287.40","13,248"
2154,23-Oct-2014,EQ,"2,499.95","2,541.00","2,490.00","2,494.90","2,532.00","2,529.70","2,517.94","2,541.00","1,793.20","53,667","135,130,313.50","2,975"
2155,22-Oct-2014,EQ,"2,427.50","2,508.60","2,427.50","2,412.05","2,496.85","2,494.90","2,476.32","2,508.60","1,793.20","406,284","1,006,088,831.35","31,399"
2156,21-Oct-2014,EQ,"2,420.00","2,434.95","2,395.05","2,412.60","2,412.85","2,412.05","2,415.84","2,457.00","1,793.20","192,702","465,538,106.20","12,082"
2157,20-Oct-2014,EQ,"2,383.00","2,427.25","2,381.25","2,373.20","2,406.50","2,412.60","2,410.53","2,457.00","1,793.20","165,916","399,945,473.30","11,117"
2158,17-Oct-2014,EQ,"2,375.00","2,405.00","2,355.00","2,363.55","2,359.00","2,373.20","2,376.13","2,457.00","1,793.20","356,058","846,038,997.35","26,360"
2159,16-Oct-2014,EQ,"2,365.10","2,440.90","2,347.55","2,412.00","2,374.00","2,363.55","2,387.75","2,457.00","1,793.20","565,835","1,351,072,303.90","30,012"
2160,14-Oct-2014,EQ,"2,389.00","2,429.00","2,370.00","2,348.80","2,411.50","2,412.00","2,404.97","2,457.00","1,793.20","484,629","1,165,520,409.75","25,726"
2161,13-Oct-2014,EQ,"2,330.20","2,364.85","2,330.05","2,353.65","2,350.60","2,348.80","2,349.51","2,457.00","1,793.20","88,360","207,602,446.00","7,541"
2162,10-Oct-2014,EQ,"2,363.00","2,368.15","2,311.05","2,376.10","2,357.90","2,353.65","2,348.13","2,457.00","1,793.20","143,162","336,163,058.10","12,665"
2163,09-Oct-2014,EQ,"2,356.00","2,380.75","2,332.80","2,348.50","2,367.15","2,376.10","2,359.30","2,457.00","1,793.20","142,715","336,707,104.25","12,392"
2164,08-Oct-2014,EQ,"2,332.00","2,356.85","2,318.00","2,336.35","2,350.00","2,348.50","2,344.36","2,457.00","1,793.20","122,320","286,762,118.00","10,035"
2165,07-Oct-2014,EQ,"2,314.00","2,356.95","2,314.00","2,336.10","2,335.00","2,336.35","2,338.54","2,457.00","1,793.20","154,957","362,372,700.85","12,050"
2166,01-Oct-2014,EQ,"2,356.00","2,371.35","2,329.00","2,351.60","2,332.80","2,336.10","2,351.39","2,457.00","1,793.20","139,949","329,075,063.40","9,756"
2167,30-Sep-2014,EQ,"2,311.00","2,357.35","2,296.00","2,305.05","2,345.00","2,351.60","2,342.56","2,457.00","1,793.20","306,438","717,848,253.25","14,969"
2168,29-Sep-2014,EQ,"2,349.95","2,358.20","2,298.35","2,340.80","2,306.00","2,305.05","2,315.53","2,457.00","1,793.20","144,110","333,690,802.35","10,216"
2169,26-Sep-2014,EQ,"2,348.05","2,389.50","2,300.00","2,350.85","2,330.65","2,340.80","2,339.74","2,457.00","1,793.20","179,841","420,781,112.70","10,536"
2170,25-Sep-2014,EQ,"2,361.00","2,389.20","2,340.00","2,364.95","2,350.00","2,350.85","2,358.26","2,457.00","1,793.20","194,849","459,504,973.90","14,921"
2171,24-Sep-2014,EQ,"2,401.00","2,414.90","2,341.00","2,393.60","2,355.00","2,364.95","2,370.91","2,457.00","1,793.20","181,767","430,954,100.95","9,933"
2172,23-Sep-2014,EQ,"2,403.80","2,457.00","2,382.60","2,412.55","2,393.00","2,393.60","2,421.10","2,457.00","1,793.20","190,192","460,474,473.05","12,376"
2173,22-Sep-2014,EQ,"2,421.95","2,440.00","2,395.00","2,412.35","2,413.00","2,412.55","2,419.61","2,440.00","1,793.20","198,779","480,968,341.25","11,053"
2174,19-Sep-2014,EQ,"2,404.90","2,428.20","2,368.00","2,393.45","2,407.20","2,412.35","2,407.22","2,428.20","1,793.20","262,187","631,140,484.40","17,148"
2175,18-Sep-2014,EQ,"2,316.00","2,405.00","2,303.00","2,320.25","2,399.00","2,393.45","2,375.81","2,405.00","1,793.20","282,872","672,049,151.80","13,048"
2176,17-Sep-2014,EQ,"2,307.35","2,332.40","2,300.00","2,302.65","2,323.40","2,320.25","2,317.99","2,382.95","1,793.20","175,159","406,016,194.70","13,283"
2177,16-Sep-2014,EQ,"2,325.20","2,355.00","2,293.40","2,332.55","2,301.00","2,302.65","2,320.05","2,382.95","1,793.20","173,221","401,881,924.45","11,419"
2178,15-Sep-2014,EQ,"2,351.85","2,351.85","2,316.00","2,348.45","2,334.00","2,332.55","2,334.41","2,382.95","1,793.20","138,487","323,284,983.35","11,257"
2179,12-Sep-2014,EQ,"2,352.00","2,364.85","2,321.00","2,336.55","2,340.15","2,348.45","2,347.10","2,382.95","1,793.20","178,695","419,415,245.10","10,979"
2180,11-Sep-2014,EQ,"2,360.50","2,373.35","2,322.80","2,354.70","2,336.60","2,336.55","2,341.30","2,382.95","1,793.20","119,290","279,293,622.75","8,191"
2181,10-Sep-2014,EQ,"2,340.00","2,364.95","2,320.50","2,321.15","2,357.95","2,354.70","2,347.81","2,382.95","1,793.20","193,868","455,164,367.75","11,213"
2182,09-Sep-2014,EQ,"2,368.75","2,374.65","2,315.20","2,359.30","2,324.70","2,321.15","2,332.04","2,382.95","1,793.20","181,985","424,397,052.10","13,169"
2183,08-Sep-2014,EQ,"2,345.00","2,382.95","2,335.00","2,339.65","2,347.00","2,359.30","2,365.02","2,382.95","1,793.20","297,676","704,008,905.75","16,175"
2184,05-Sep-2014,EQ,"2,302.30","2,349.00","2,282.00","2,301.90","2,337.70","2,339.65","2,320.94","2,364.85","1,793.20","415,637","964,668,631.40","21,535"
2185,04-Sep-2014,EQ,"2,220.20","2,315.00","2,207.95","2,225.85","2,306.55","2,301.90","2,263.45","2,364.85","1,793.20","393,793","891,331,255.85","23,013"
2186,03-Sep-2014,EQ,"2,265.10","2,279.95","2,220.10","2,258.60","2,225.30","2,225.85","2,238.46","2,364.85","1,793.20","408,269","913,893,600.20","27,274"
2187,02-Sep-2014,EQ,"2,265.95","2,306.55","2,250.00","2,260.55","2,253.00","2,258.60","2,283.79","2,364.85","1,793.20","599,440","1,368,993,754.40","36,184"
2188,01-Sep-2014,EQ,"2,279.70","2,298.80","2,248.25","2,258.70","2,260.00","2,260.55","2,265.71","2,364.85","1,793.20","426,742","966,873,127.25","22,898"
2189,28-Aug-2014,EQ,"2,280.30","2,303.80","2,250.00","2,280.30","2,261.85","2,258.70","2,266.32","2,364.85","1,680.05","572,472","1,297,402,276.05","22,876"
2190,27-Aug-2014,EQ,"2,270.00","2,304.60","2,260.00","2,260.00","2,280.00","2,280.30","2,287.03","2,364.85","1,680.05","382,791","875,453,858.85","32,399"
2191,26-Aug-2014,EQ,"2,245.90","2,285.00","2,224.40","2,251.60","2,260.00","2,260.00","2,257.67","2,364.85","1,680.05","175,593","396,431,313.20","12,416"
2192,25-Aug-2014,EQ,"2,274.90","2,277.05","2,240.15","2,266.35","2,247.70","2,251.60","2,254.24","2,364.85","1,680.05","173,103","390,215,992.05","9,024"
2193,22-Aug-2014,EQ,"2,275.00","2,275.00","2,239.00","2,268.05","2,275.00","2,266.35","2,258.96","2,364.85","1,680.05","213,372","481,999,204.35","12,093"
2194,21-Aug-2014,EQ,"2,213.00","2,278.60","2,196.10","2,198.80","2,271.00","2,268.05","2,238.90","2,364.85","1,680.05","786,442","1,760,767,657.50","35,276"
2195,20-Aug-2014,EQ,"2,200.00","2,214.95","2,182.40","2,198.20","2,193.35","2,198.80","2,197.36","2,364.85","1,680.05","277,837","610,508,230.75","23,115"
2196,19-Aug-2014,EQ,"2,140.50","2,210.00","2,137.00","2,134.50","2,205.00","2,198.20","2,177.23","2,364.85","1,680.05","331,863","722,542,043.40","25,322"
2197,18-Aug-2014,EQ,"2,125.10","2,164.45","2,125.10","2,135.00","2,137.05","2,134.50","2,147.37","2,364.85","1,680.05","387,854","832,867,311.55","32,644"
2198,14-Aug-2014,EQ,"2,153.40","2,165.00","2,109.75","2,147.95","2,130.00","2,135.00","2,134.83","2,364.85","1,680.05","335,934","717,160,800.70","21,307"
2199,13-Aug-2014,EQ,"2,137.00","2,154.40","2,120.00","2,135.55","2,152.00","2,147.95","2,130.24","2,364.85","1,680.05","367,812","783,526,923.55","17,235"
2200,12-Aug-2014,EQ,"2,142.95","2,144.85","2,121.10","2,129.30","2,137.00","2,135.55","2,127.11","2,364.85","1,680.05","447,923","952,782,629.10","21,775"
2201,11-Aug-2014,EQ,"2,140.00","2,148.90","2,101.20","2,121.65","2,129.00","2,129.30","2,115.85","2,364.85","1,680.05","303,062","641,234,453.30","15,509"
2202,08-Aug-2014,EQ,"2,125.00","2,132.95","2,109.00","2,139.25","2,120.00","2,121.65","2,121.40","2,364.85","1,680.05","194,925","413,514,243.95","16,258"
2203,07-Aug-2014,EQ,"2,145.00","2,156.80","2,115.00","2,143.75","2,139.70","2,139.25","2,133.36","2,364.85","1,680.05","317,652","677,666,152.10","13,355"
2204,06-Aug-2014,EQ,"2,172.95","2,178.00","2,136.30","2,155.60","2,140.90","2,143.75","2,159.75","2,364.85","1,680.05","487,226","1,052,287,821.30","23,615"
2205,05-Aug-2014,EQ,"2,095.00","2,161.00","2,095.00","2,088.10","2,156.50","2,155.60","2,131.63","2,364.85","1,680.05","532,954","1,136,061,186.05","22,817"
2206,04-Aug-2014,EQ,"2,065.00","2,107.25","2,041.50","2,057.90","2,096.60","2,088.10","2,076.39","2,364.85","1,680.05","704,465","1,462,745,286.60","25,030"
2207,01-Aug-2014,EQ,"2,073.80","2,079.00","2,045.20","2,075.90","2,061.35","2,057.90","2,062.42","2,364.85","1,680.05","594,237","1,225,569,047.75","20,171"
2208,31-Jul-2014,EQ,"2,078.00","2,094.60","2,067.00","2,079.40","2,083.00","2,075.90","2,075.07","2,364.85","1,680.05","806,232","1,672,987,941.35","29,594"
2209,30-Jul-2014,EQ,"2,074.10","2,099.00","2,071.20","2,084.05","2,082.00","2,079.40","2,078.68","2,364.85","1,680.05","602,599","1,252,610,214.40","22,084"
2210,28-Jul-2014,EQ,"2,092.00","2,108.05","2,071.00","2,100.75","2,084.00","2,084.05","2,081.30","2,364.85","1,680.05","234,341","487,735,077.65","18,050"
2211,25-Jul-2014,EQ,"2,108.70","2,112.80","2,084.45","2,108.70","2,100.00","2,100.75","2,097.73","2,364.85","1,680.05","268,072","562,341,645.55","12,715"
2212,24-Jul-2014,EQ,"2,113.00","2,122.90","2,085.00","2,105.30","2,105.05","2,108.70","2,103.71","2,364.85","1,680.05","224,953","473,234,915.65","13,680"
2213,23-Jul-2014,EQ,"2,090.35","2,112.45","2,068.30","2,070.15","2,110.00","2,105.30","2,090.41","2,364.85","1,680.05","399,959","836,077,159.15","27,574"
2214,22-Jul-2014,EQ,"2,075.00","2,084.90","2,063.65","2,070.70","2,077.50","2,070.15","2,071.30","2,364.85","1,680.05","419,573","869,063,216.75","21,877"
2215,21-Jul-2014,EQ,"2,083.20","2,095.15","2,060.40","2,081.25","2,065.55","2,070.70","2,070.29","2,364.85","1,680.05","420,580","870,721,104.40","17,272"
2216,18-Jul-2014,EQ,"2,081.80","2,090.00","2,051.50","2,087.65","2,088.05","2,081.25","2,066.64","2,364.85","1,680.05","565,282","1,168,234,035.60","30,319"
2217,17-Jul-2014,EQ,"2,132.30","2,156.00","2,071.00","2,137.10","2,087.10","2,087.65","2,096.02","2,364.85","1,680.05","1,019,519","2,136,928,084.45","51,271"
2218,16-Jul-2014,EQ,"2,155.00","2,160.30","2,121.50","2,155.75","2,137.25","2,137.10","2,139.45","2,364.85","1,680.05","544,762","1,165,492,700.15","23,617"
2219,15-Jul-2014,EQ,"2,130.50","2,169.00","2,130.50","2,127.55","2,152.60","2,155.75","2,156.82","2,364.85","1,680.05","306,742","661,588,746.15","9,401"
2220,14-Jul-2014,EQ,"2,133.95","2,154.00","2,114.30","2,133.95","2,127.00","2,127.55","2,128.58","2,364.85","1,680.05","236,852","504,157,819.15","13,759"
2221,11-Jul-2014,EQ,"2,136.20","2,173.50","2,102.70","2,152.20","2,139.00","2,133.95","2,139.83","2,364.85","1,680.05","182,285","390,059,284.20","15,161"
2222,10-Jul-2014,EQ,"2,166.00","2,194.00","2,139.95","2,169.65","2,143.15","2,152.20","2,159.29","2,364.85","1,680.05","252,737","545,732,143.15","24,711"
2223,09-Jul-2014,EQ,"2,226.00","2,239.00","2,165.00","2,226.30","2,169.40","2,169.65","2,192.78","2,364.85","1,680.05","340,245","746,080,910.40","38,617"
2224,08-Jul-2014,EQ,"2,310.00","2,324.60","2,200.00","2,302.70","2,228.00","2,226.30","2,286.38","2,364.85","1,680.05","580,917","1,328,194,750.50","39,176"
2225,07-Jul-2014,EQ,"2,310.00","2,319.70","2,280.00","2,299.20","2,305.00","2,302.70","2,299.78","2,364.85","1,680.05","278,231","639,870,244.70","16,309"
2226,04-Jul-2014,EQ,"2,300.10","2,310.00","2,281.00","2,300.10","2,293.40","2,299.20","2,298.98","2,364.85","1,680.05","197,560","454,185,781.80","9,561"
2227,03-Jul-2014,EQ,"2,319.00","2,319.80","2,282.50","2,349.80","2,293.35","2,300.10","2,297.45","2,364.85","1,680.05","264,883","608,555,148.80","16,762"
2228,02-Jul-2014,EQ,"2,345.00","2,364.85","2,333.00","2,334.70","2,354.05","2,349.80","2,351.72","2,364.85","1,680.05","311,591","732,774,152.65","17,301"
2229,01-Jul-2014,EQ,"2,314.95","2,352.70","2,312.00","2,316.20","2,330.60","2,334.70","2,332.79","2,352.70","1,680.05","196,804","459,102,693.30","10,169"
2230,30-Jun-2014,EQ,"2,297.60","2,328.80","2,293.00","2,309.10","2,295.00","2,316.20","2,316.08","2,328.80","1,680.05","300,379","695,701,994.80","16,129"
2231,27-Jun-2014,EQ,"2,294.95","2,318.00","2,272.15","2,289.00","2,313.10","2,309.10","2,306.26","2,320.00","1,680.05","469,474","1,082,728,529.25","13,784"
2232,26-Jun-2014,EQ,"2,308.00","2,320.00","2,273.20","2,275.85","2,281.85","2,289.00","2,294.09","2,320.00","1,680.05","375,288","860,944,784.45","27,094"
2233,25-Jun-2014,EQ,"2,229.80","2,292.75","2,215.80","2,221.15","2,283.00","2,275.85","2,269.05","2,292.75","1,680.05","353,844","802,888,069.55","31,237"
2234,24-Jun-2014,EQ,"2,213.80","2,236.00","2,200.55","2,191.10","2,223.00","2,221.15","2,219.49","2,236.00","1,680.05","231,873","514,640,952.65","19,305"
2235,23-Jun-2014,EQ,"2,180.00","2,202.00","2,161.60","2,179.80","2,201.00","2,191.10","2,188.55","2,228.00","1,680.05","312,504","683,930,140.70","21,094"
2236,20-Jun-2014,EQ,"2,165.10","2,203.50","2,145.60","2,160.25","2,182.00","2,179.80","2,184.21","2,228.00","1,680.05","295,439","645,299,680.55","22,953"
2237,19-Jun-2014,EQ,"2,155.00","2,172.95","2,141.10","2,150.60","2,155.00","2,160.25","2,157.85","2,228.00","1,680.05","244,875","528,402,762.15","22,605"
2238,18-Jun-2014,EQ,"2,173.00","2,180.25","2,135.20","2,160.35","2,150.00","2,150.60","2,151.15","2,228.00","1,680.05","275,222","592,044,263.65","21,718"
2239,17-Jun-2014,EQ,"2,170.00","2,174.90","2,134.20","2,169.75","2,161.00","2,160.35","2,152.95","2,228.00","1,680.05","326,682","703,331,079.75","39,353"
2240,16-Jun-2014,EQ,"2,173.00","2,210.00","2,157.10","2,170.70","2,163.25","2,169.75","2,191.01","2,228.00","1,680.05","542,031","1,187,593,213.85","39,933"
2241,13-Jun-2014,EQ,"2,190.00","2,228.00","2,162.55","2,185.60","2,174.00","2,170.70","2,190.30","2,228.00","1,680.05","378,480","828,984,382.15","23,069"
2242,12-Jun-2014,EQ,"2,163.55","2,192.75","2,156.05","2,180.85","2,185.00","2,185.60","2,177.28","2,208.90","1,680.05","218,573","475,893,621.35","18,302"
2243,11-Jun-2014,EQ,"2,150.00","2,189.85","2,120.35","2,152.50","2,176.00","2,180.85","2,147.81","2,208.90","1,680.05","448,085","962,399,563.00","21,741"
2244,10-Jun-2014,EQ,"2,179.50","2,208.90","2,130.00","2,161.75","2,155.00","2,152.50","2,161.21","2,208.90","1,680.05","541,126","1,169,487,642.40","27,572"
2245,09-Jun-2014,EQ,"2,056.90","2,177.50","2,044.30","2,048.40","2,162.30","2,161.75","2,120.39","2,195.00","1,680.05","546,835","1,159,505,889.05","29,253"
2246,06-Jun-2014,EQ,"2,009.00","2,054.00","1,983.60","2,000.90","2,050.10","2,048.40","2,028.84","2,195.00","1,680.05","384,106","779,289,441.95","30,379"
2247,05-Jun-2014,EQ,"2,020.00","2,020.00","1,980.00","2,002.50","2,004.00","2,000.90","1,999.84","2,195.00","1,680.05","254,275","508,508,824.25","16,824"
2248,04-Jun-2014,EQ,"1,970.15","2,025.00","1,970.15","1,970.15","2,005.00","2,002.50","2,008.91","2,195.00","1,680.05","254,176","510,616,949.60","16,144"
2249,03-Jun-2014,EQ,"1,976.00","1,992.90","1,960.35","1,974.40","1,975.00","1,970.15","1,976.87","2,195.00","1,680.05","149,881","296,295,584.55","15,124"
2250,02-Jun-2014,EQ,"1,947.95","1,990.05","1,924.20","1,943.95","1,975.05","1,974.40","1,971.29","2,195.00","1,680.05","191,334","377,175,666.90","12,800"
2251,30-May-2014,EQ,"1,945.25","1,955.85","1,912.70","1,941.20","1,945.05","1,943.95","1,943.45","2,195.00","1,680.05","299,515","582,091,105.75","21,857"
2252,29-May-2014,EQ,"1,954.95","1,962.95","1,931.10","1,948.40","1,953.00","1,941.20","1,941.66","2,195.00","1,680.05","294,271","571,375,029.40","17,936"
2253,28-May-2014,EQ,"1,990.00","1,990.00","1,930.00","1,972.00","1,950.00","1,948.40","1,947.71","2,195.00","1,680.05","326,190","635,324,653.15","26,696"
2254,27-May-2014,EQ,"1,968.90","1,989.90","1,939.00","1,961.20","1,974.00","1,972.00","1,969.75","2,195.00","1,680.05","149,266","294,017,218.95","10,357"
2255,26-May-2014,EQ,"1,990.00","2,012.90","1,950.00","1,976.25","1,954.00","1,961.20","1,987.06","2,195.00","1,680.05","199,733","396,880,838.70","11,328"
2256,23-May-2014,EQ,"1,999.65","1,999.65","1,965.00","1,986.75","1,978.00","1,976.25","1,975.84","2,195.00","1,680.05","172,627","341,082,674.45","11,284"
2257,22-May-2014,EQ,"2,011.10","2,028.70","1,980.00","1,961.15","1,980.00","1,986.75","2,003.54","2,195.00","1,680.05","363,882","729,053,330.75","18,992"
2258,21-May-2014,EQ,"1,871.00","1,974.00","1,870.00","1,866.40","1,962.00","1,961.15","1,936.13","2,195.00","1,680.05","606,062","1,173,412,534.05","30,852"
2259,20-May-2014,EQ,"1,893.00","1,900.00","1,840.10","1,878.35","1,874.45","1,866.40","1,865.90","2,195.00","1,680.05","539,345","1,006,362,921.50","48,646"
2260,19-May-2014,EQ,"1,969.00","1,969.00","1,870.00","1,931.70","1,876.00","1,878.35","1,915.55","2,195.00","1,680.05","482,763","924,757,255.90","42,119"
2261,16-May-2014,EQ,"1,995.00","2,094.70","1,908.00","1,950.50","1,924.00","1,931.70","1,990.02","2,195.00","1,680.05","863,171","1,717,727,203.80","65,760"
2262,15-May-2014,EQ,"2,045.00","2,058.80","1,945.00","2,041.75","1,954.00","1,950.50","1,993.04","2,195.00","1,680.05","501,935","1,000,375,086.40","29,095"
2263,14-May-2014,EQ,"1,991.50","2,045.05","1,990.15","1,977.30","2,042.80","2,041.75","2,026.77","2,195.00","1,680.05","215,003","435,762,650.20","12,792"
2264,13-May-2014,EQ,"1,960.00","2,000.00","1,936.00","1,948.15","1,991.00","1,977.30","1,969.37","2,195.00","1,680.05","426,350","839,640,462.55","21,064"
2265,12-May-2014,EQ,"1,911.10","1,959.00","1,911.10","1,919.95","1,951.00","1,948.15","1,941.56","2,195.00","1,680.05","469,596","911,750,737.95","19,551"
2266,09-May-2014,EQ,"1,870.00","1,927.00","1,870.00","1,879.25","1,927.00","1,919.95","1,907.94","2,195.00","1,680.05","363,002","692,586,533.55","13,077"
2267,08-May-2014,EQ,"1,890.00","1,890.00","1,871.05","1,868.15","1,878.00","1,879.25","1,879.12","2,195.00","1,680.05","165,120","310,280,966.15","8,197"
2268,07-May-2014,EQ,"1,900.00","1,907.70","1,861.00","1,900.35","1,867.40","1,868.15","1,880.40","2,195.00","1,680.05","145,721","274,014,385.70","10,036"
2269,06-May-2014,EQ,"1,919.95","1,922.95","1,891.75","1,918.85","1,902.00","1,900.35","1,900.36","2,195.00","1,680.05","261,490","496,926,097.60","9,148"
2270,05-May-2014,EQ,"1,910.00","1,924.90","1,902.35","1,906.70","1,914.30","1,918.85","1,918.28","2,195.00","1,680.05","257,053","493,099,243.50","11,369"
2271,02-May-2014,EQ,"1,915.00","1,928.05","1,903.10","1,912.15","1,906.70","1,906.70","1,914.39","2,195.00","1,680.05","170,700","326,786,452.00","10,833"
2272,30-Apr-2014,EQ,"1,939.50","1,949.00","1,900.00","1,939.50","1,910.15","1,912.15","1,916.08","2,195.00","1,680.05","268,227","513,945,611.10","25,329"
2273,29-Apr-2014,EQ,"1,986.25","1,989.90","1,931.00","1,985.00","1,934.00","1,939.50","1,944.63","2,195.00","1,680.05","399,483","776,846,923.90","22,770"
2274,28-Apr-2014,EQ,"1,998.75","1,999.00","1,977.95","1,996.05","1,984.05","1,985.00","1,985.32","2,195.00","1,680.05","356,855","708,473,151.55","23,277"
2275,25-Apr-2014,EQ,"2,019.00","2,019.00","1,982.30","2,004.65","1,996.00","1,996.05","1,995.17","2,195.00","1,680.05","404,437","806,922,402.05","16,589"
2276,23-Apr-2014,EQ,"2,000.00","2,015.70","1,991.10","2,003.35","2,004.00","2,004.65","2,002.49","2,195.00","1,680.05","362,968","726,840,978.60","16,970"
2277,22-Apr-2014,EQ,"2,020.00","2,030.00","1,999.50","2,014.15","2,003.15","2,003.35","2,009.89","2,195.00","1,680.05","179,445","360,664,050.85","9,954"
2278,21-Apr-2014,EQ,"2,010.55","2,035.90","2,006.40","2,016.05","2,012.00","2,014.15","2,019.87","2,195.00","1,680.05","161,232","325,667,999.60","6,837"
2279,17-Apr-2014,EQ,"1,991.75","2,024.80","1,991.15","2,000.55","2,018.50","2,016.05","2,014.20","2,195.00","1,680.05","164,096","330,522,676.00","15,413"
2280,16-Apr-2014,EQ,"1,997.00","2,025.70","1,990.35","2,004.40","1,992.10","2,000.55","2,006.92","2,195.00","1,680.05","205,618","412,658,831.00","18,788"
2281,15-Apr-2014,EQ,"2,009.70","2,016.10","1,954.40","2,007.55","2,009.50","2,004.40","1,986.50","2,195.00","1,680.05","217,260","431,586,790.55","15,002"
2282,11-Apr-2014,EQ,"2,017.90","2,028.00","1,990.65","2,022.15","2,000.00","2,007.55","2,005.08","2,195.00","1,680.00","255,157","511,611,129.70","14,939"
2283,10-Apr-2014,EQ,"2,039.00","2,041.70","2,011.90","2,031.30","2,020.00","2,022.15","2,023.29","2,195.00","1,680.00","219,894","444,909,690.10","23,557"
2284,09-Apr-2014,EQ,"2,045.00","2,054.00","1,994.90","2,022.60","2,040.00","2,031.30","2,017.99","2,195.00","1,680.00","300,812","607,036,124.20","21,806"
2285,07-Apr-2014,EQ,"2,006.55","2,057.90","2,006.55","2,028.90","2,027.10","2,022.60","2,033.03","2,195.00","1,680.00","218,150","443,504,676.70","13,888"
2286,04-Apr-2014,EQ,"2,054.90","2,055.30","2,017.20","2,053.35","2,024.20","2,028.90","2,029.12","2,195.00","1,656.00","297,397","603,455,550.75","23,102"
2287,03-Apr-2014,EQ,"2,065.00","2,069.00","2,025.00","2,053.60","2,053.00","2,053.35","2,044.79","2,195.00","1,656.00","402,747","823,532,827.40","24,527"
2288,02-Apr-2014,EQ,"2,073.45","2,080.00","2,025.40","2,065.20","2,047.40","2,053.60","2,058.94","2,195.00","1,656.00","217,385","447,582,534.20","22,474"
2289,01-Apr-2014,EQ,"2,083.60","2,084.00","2,045.05","2,083.60","2,060.55","2,065.20","2,061.49","2,195.00","1,656.00","129,157","266,255,552.40","9,569"
2290,31-Mar-2014,EQ,"2,068.70","2,100.00","2,061.40","2,058.00","2,074.20","2,083.60","2,086.80","2,195.00","1,656.00","273,254","570,225,092.80","25,220"
2291,28-Mar-2014,EQ,"2,080.00","2,096.80","2,049.60","2,072.35","2,066.60","2,058.00","2,071.12","2,195.00","1,656.00","347,600","719,920,929.70","33,193"
2292,27-Mar-2014,EQ,"2,038.60","2,084.70","2,027.70","2,039.60","2,070.00","2,072.35","2,067.28","2,195.00","1,656.00","500,824","1,035,343,721.65","21,710"
2293,26-Mar-2014,EQ,"2,026.00","2,058.70","2,021.00","2,014.05","2,040.00","2,039.60","2,040.58","2,195.00","1,656.00","248,113","506,294,025.25","18,205"
2294,25-Mar-2014,EQ,"2,014.00","2,035.70","2,000.80","2,021.45","2,018.00","2,014.05","2,017.76","2,195.00","1,656.00","233,046","470,231,007.10","13,819"
2295,24-Mar-2014,EQ,"1,983.20","2,024.70","1,979.75","1,981.10","2,023.00","2,021.45","2,011.44","2,195.00","1,656.00","158,949","319,716,441.75","12,415"
2296,22-Mar-2014,EQ,"1,979.00","1,994.40","1,975.00","1,977.85","1,985.00","1,981.10","1,982.07","2,195.00","1,656.00","6,324","12,534,604.30",451
2297,21-Mar-2014,EQ,"1,972.90","1,987.45","1,972.00","1,972.90","1,978.00","1,977.85","1,978.71","2,195.00","1,656.00","280,359","554,749,139.90","26,153"
2298,20-Mar-2014,EQ,"2,012.85","2,014.95","1,968.10","2,008.70","1,977.05","1,972.90","1,988.29","2,195.00","1,656.00","143,305","284,932,151.45","16,739"
2299,19-Mar-2014,EQ,"2,002.05","2,014.00","1,998.00","1,994.90","2,011.00","2,008.70","2,006.75","2,195.00","1,656.00","325,884","653,968,556.05","20,854"
2300,18-Mar-2014,EQ,"1,990.00","2,001.00","1,973.05","1,974.30","1,998.00","1,994.90","1,992.09","2,195.00","1,656.00","223,972","446,171,879.20","11,852"
2301,14-Mar-2014,EQ,"1,973.90","1,990.90","1,955.00","1,966.70","1,973.15","1,974.30","1,975.75","2,195.00","1,656.00","208,702","412,344,005.20","10,374"
2302,13-Mar-2014,EQ,"1,970.25","2,007.75","1,957.30","1,959.00","1,976.05","1,966.70","1,981.69","2,195.00","1,656.00","162,751","322,521,827.80","9,501"
2303,12-Mar-2014,EQ,"1,984.00","1,996.90","1,953.75","1,986.55","1,965.00","1,959.00","1,963.64","2,195.00","1,656.00","334,556","656,947,419.50","17,565"
2304,11-Mar-2014,EQ,"2,010.00","2,038.20","1,978.05","2,005.00","1,988.90","1,986.55","2,003.75","2,195.00","1,656.00","393,531","788,539,026.55","23,500"
2305,10-Mar-2014,EQ,"1,958.00","2,015.00","1,950.30","1,954.70","2,010.10","2,005.00","1,977.78","2,195.00","1,656.00","393,372","778,004,647.45","34,945"
2306,07-Mar-2014,EQ,"1,965.00","2,005.00","1,948.00","1,957.90","1,960.20","1,954.70","1,976.96","2,195.00","1,656.00","407,477","805,565,588.65","27,270"
2307,06-Mar-2014,EQ,"1,925.30","1,964.00","1,920.00","1,920.65","1,957.05","1,957.90","1,944.33","2,195.00","1,656.00","181,924","353,720,226.30","12,023"
2308,05-Mar-2014,EQ,"1,930.00","1,931.00","1,907.00","1,921.95","1,921.90","1,920.65","1,918.43","2,195.00","1,656.00","134,918","258,830,516.25","12,947"
2309,04-Mar-2014,EQ,"1,914.00","1,927.05","1,885.05","1,917.05","1,923.30","1,921.95","1,909.58","2,195.00","1,656.00","220,106","420,309,226.90","25,483"
2310,03-Mar-2014,EQ,"1,942.00","1,952.95","1,910.00","1,946.35","1,918.95","1,917.05","1,919.95","2,195.00","1,656.00","231,994","445,416,945.35","42,825"
2311,28-Feb-2014,EQ,"1,925.00","1,957.95","1,911.00","1,920.90","1,943.00","1,946.35","1,937.59","2,195.00","1,656.00","358,544","694,711,849.95","28,532"
2312,26-Feb-2014,EQ,"1,903.25","1,933.00","1,880.00","1,902.25","1,920.40","1,920.90","1,919.55","2,195.00","1,656.00","375,745","721,260,015.45","23,129"
2313,25-Feb-2014,EQ,"1,861.80","1,909.30","1,855.05","1,861.80","1,906.50","1,902.25","1,888.33","2,195.00","1,656.00","246,928","466,281,582.00","18,495"
2314,24-Feb-2014,EQ,"1,862.70","1,877.90","1,850.00","1,862.70","1,857.75","1,861.80","1,868.53","2,195.00","1,656.00","133,340","249,149,936.70","18,369"
2315,21-Feb-2014,EQ,"1,849.00","1,865.00","1,835.00","1,842.40","1,858.00","1,862.70","1,855.80","2,195.00","1,656.00","182,566","338,805,127.10","17,778"
2316,20-Feb-2014,EQ,"1,815.00","1,864.00","1,815.00","1,820.90","1,849.00","1,842.40","1,848.71","2,195.00","1,656.00","291,358","538,637,349.15","18,053"
2317,19-Feb-2014,EQ,"1,861.00","1,861.00","1,816.25","1,844.65","1,825.00","1,820.90","1,829.36","2,195.00","1,656.00","207,356","379,328,848.55","17,976"
2318,18-Feb-2014,EQ,"1,850.00","1,859.50","1,832.00","1,845.35","1,844.60","1,844.65","1,845.59","2,195.00","1,656.00","223,017","411,598,581.35","15,626"
2319,17-Feb-2014,EQ,"1,845.00","1,869.35","1,810.00","1,839.60","1,848.00","1,845.35","1,839.94","2,195.00","1,656.00","369,333","679,551,763.40","32,717"
2320,14-Feb-2014,EQ,"1,904.70","1,904.70","1,818.00","1,902.85","1,844.80","1,839.60","1,845.59","2,195.00","1,656.00","473,215","873,361,194.45","31,814"
2321,13-Feb-2014,EQ,"1,939.70","1,939.70","1,895.00","1,927.50","1,895.00","1,902.85","1,905.75","2,195.00","1,656.00","115,962","220,994,070.75","8,289"
2322,12-Feb-2014,EQ,"1,942.70","1,959.45","1,897.15","1,936.50","1,928.00","1,927.50","1,933.33","2,195.00","1,656.00","269,629","521,282,499.55","18,913"
2323,11-Feb-2014,EQ,"1,941.95","1,945.00","1,920.30","1,935.35","1,940.00","1,936.50","1,933.28","2,195.00","1,656.00","196,706","380,287,364.30","8,514"
2324,10-Feb-2014,EQ,"1,930.00","1,941.60","1,910.75","1,935.35","1,935.00","1,935.35","1,929.26","2,195.00","1,656.00","116,609","224,969,145.60","6,403"
2325,07-Feb-2014,EQ,"1,901.35","1,939.80","1,894.90","1,896.95","1,935.00","1,935.35","1,927.93","2,195.00","1,656.00","313,921","605,216,165.30","13,934"
2326,06-Feb-2014,EQ,"1,890.20","1,903.00","1,862.55","1,894.70","1,897.00","1,896.95","1,882.33","2,195.00","1,656.00","196,282","369,466,520.70","11,373"
2327,05-Feb-2014,EQ,"1,878.00","1,898.00","1,848.05","1,868.25","1,894.00","1,894.70","1,876.98","2,195.00","1,656.00","202,518","380,123,235.20","16,524"
2328,04-Feb-2014,EQ,"1,820.00","1,882.00","1,793.20","1,830.80","1,870.00","1,868.25","1,842.61","2,195.00","1,656.00","323,893","596,809,715.55","24,808"
2329,03-Feb-2014,EQ,"1,901.05","1,933.40","1,817.25","1,901.50","1,829.20","1,830.80","1,866.17","2,195.00","1,656.00","208,407","388,923,616.05","12,283"
2330,31-Jan-2014,EQ,"1,915.00","1,918.05","1,891.00","1,920.85","1,908.00","1,901.50","1,898.69","2,195.00","1,656.00","325,157","617,373,238.40","17,494"
2331,30-Jan-2014,EQ,"1,909.00","1,930.00","1,882.05","1,912.95","1,915.05","1,920.85","1,900.48","2,195.00","1,656.00","510,937","971,023,418.25","16,023"
2332,29-Jan-2014,EQ,"1,950.00","1,968.00","1,907.15","1,944.70","1,909.95","1,912.95","1,938.49","2,195.00","1,656.00","213,569","414,001,614.40","22,712"
2333,28-Jan-2014,EQ,"1,906.80","1,948.00","1,906.80","1,912.80","1,944.30","1,944.70","1,938.47","2,195.00","1,656.00","342,624","664,166,207.75","12,806"
2334,27-Jan-2014,EQ,"1,920.00","1,924.00","1,890.75","1,931.70","1,920.00","1,912.80","1,903.14","2,195.00","1,656.00","451,184","858,664,864.70","14,758"
2335,24-Jan-2014,EQ,"1,934.70","1,938.00","1,911.85","1,939.05","1,934.75","1,931.70","1,927.45","2,195.00","1,656.00","584,605","1,126,795,678.45","22,029"
2336,23-Jan-2014,EQ,"1,949.00","1,949.40","1,916.00","1,949.70","1,945.00","1,939.05","1,932.06","2,195.00","1,656.00","779,924","1,506,858,524.75","16,796"
2337,22-Jan-2014,EQ,"1,944.00","1,953.00","1,927.00","1,942.40","1,950.10","1,949.70","1,943.71","2,195.00","1,656.00","230,050","447,150,656.25","15,629"
2338,21-Jan-2014,EQ,"1,935.00","1,946.00","1,927.10","1,931.50","1,944.65","1,942.40","1,938.79","2,195.00","1,656.00","148,033","287,005,062.65","7,753"
2339,20-Jan-2014,EQ,"1,938.20","1,951.80","1,925.05","1,933.45","1,928.00","1,931.50","1,940.37","2,195.00","1,656.00","240,785","467,212,572.25","14,169"
2340,17-Jan-2014,EQ,"1,907.75","1,939.00","1,906.30","1,907.75","1,934.05","1,933.45","1,931.10","2,195.00","1,656.00","505,335","975,850,177.20","26,278"
2341,16-Jan-2014,EQ,"1,900.00","1,917.90","1,892.00","1,894.00","1,908.00","1,907.75","1,905.08","2,195.00","1,656.00","683,523","1,302,168,595.00","37,789"
2342,15-Jan-2014,EQ,"1,874.00","1,904.00","1,871.10","1,870.55","1,894.20","1,894.00","1,890.37","2,195.00","1,656.00","350,260","662,120,953.15","28,057"
2343,14-Jan-2014,EQ,"1,888.00","1,898.60","1,864.95","1,895.80","1,871.00","1,870.55","1,878.81","2,195.00","1,656.00","261,322","490,973,918.20","16,416"
2344,13-Jan-2014,EQ,"1,895.25","1,917.00","1,887.40","1,900.30","1,890.00","1,895.80","1,898.62","2,195.00","1,656.00","274,307","520,805,046.30","18,105"
2345,10-Jan-2014,EQ,"1,905.20","1,913.45","1,865.00","1,909.45","1,900.00","1,900.30","1,891.66","2,215.50","1,656.00","450,989","853,118,177.75","17,771"
2346,09-Jan-2014,EQ,"1,914.20","1,917.65","1,895.10","1,918.30","1,913.00","1,909.45","1,906.22","2,215.50","1,656.00","266,751","508,485,816.00","20,649"
2347,08-Jan-2014,EQ,"1,894.90","1,923.00","1,894.90","1,889.95","1,912.00","1,918.30","1,908.27","2,215.50","1,656.00","578,916","1,104,727,376.40","32,998"
2348,07-Jan-2014,EQ,"1,880.00","1,899.80","1,880.00","1,888.30","1,888.00","1,889.95","1,889.18","2,215.50","1,656.00","247,757","468,056,356.70","14,269"
2349,06-Jan-2014,EQ,"1,896.00","1,899.90","1,875.00","1,895.55","1,888.00","1,888.30","1,886.44","2,215.50","1,656.00","284,336","536,383,599.65","12,099"
2350,03-Jan-2014,EQ,"1,893.00","1,909.00","1,870.00","1,900.05","1,899.55","1,895.55","1,893.42","2,229.00","1,656.00","236,545","447,878,291.70","20,885"
2351,02-Jan-2014,EQ,"1,918.00","1,928.75","1,895.45","1,917.40","1,901.00","1,900.05","1,907.80","2,229.00","1,656.00","268,521","512,284,032.80","13,103"
2352,01-Jan-2014,EQ,"1,915.00","1,924.40","1,890.30","1,910.85","1,915.05","1,917.40","1,914.00","2,229.00","1,656.00","90,587","173,383,857.75","6,526"
2353,31-Dec-2013,EQ,"1,906.00","1,921.15","1,901.25","1,900.70","1,905.00","1,910.85","1,913.78","2,229.00","1,656.00","131,618","251,888,543.30","8,075"
2354,30-Dec-2013,EQ,"1,939.35","1,942.20","1,893.30","1,934.75","1,901.30","1,900.70","1,908.25","2,229.00","1,656.00","238,040","454,239,167.25","12,908"
2355,27-Dec-2013,EQ,"1,953.50","1,965.00","1,929.90","1,949.50","1,936.00","1,934.75","1,944.44","2,229.00","1,656.00","209,220","406,815,949.15","13,433"
2356,26-Dec-2013,EQ,"2,010.00","2,014.10","1,940.00","1,990.35","1,946.00","1,949.50","1,967.76","2,229.00","1,656.00","366,298","720,785,150.05","25,642"
2357,24-Dec-2013,EQ,"1,948.10","1,994.50","1,945.00","1,946.70","1,987.00","1,990.35","1,976.63","2,229.00","1,656.00","193,334","382,149,135.80","14,685"
2358,23-Dec-2013,EQ,"1,933.30","1,963.40","1,933.30","1,931.80","1,941.10","1,946.70","1,949.64","2,229.00","1,656.00","265,193","517,031,798.25","21,851"
2359,20-Dec-2013,EQ,"1,893.60","1,941.90","1,879.25","1,897.00","1,935.00","1,931.80","1,909.14","2,229.00","1,656.00","301,800","576,177,552.75","19,523"
2360,19-Dec-2013,EQ,"1,924.95","1,945.00","1,885.00","1,928.40","1,893.10","1,897.00","1,902.33","2,229.00","1,656.00","291,251","554,055,469.80","19,427"
2361,18-Dec-2013,EQ,"1,875.00","1,943.30","1,862.25","1,863.10","1,939.20","1,928.40","1,908.12","2,229.00","1,656.00","427,615","815,940,424.25","21,833"
2362,17-Dec-2013,EQ,"1,912.00","1,924.50","1,857.05","1,902.15","1,869.30","1,863.10","1,885.39","2,229.00","1,656.00","309,323","583,193,690.65","19,378"
2363,16-Dec-2013,EQ,"1,912.00","1,929.60","1,891.00","1,905.25","1,905.00","1,902.15","1,907.63","2,229.00","1,656.00","274,980","524,559,126.70","30,269"
2364,13-Dec-2013,EQ,"1,911.00","1,938.00","1,895.00","1,951.40","1,915.00","1,905.25","1,913.53","2,229.00","1,656.00","338,750","648,207,212.35","39,280"
2365,12-Dec-2013,EQ,"1,977.25","1,978.00","1,950.00","1,997.55","1,950.95","1,951.40","1,962.71","2,229.00","1,656.00","148,544","291,548,531.75","12,071"
2366,11-Dec-2013,EQ,"1,994.95","2,013.40","1,984.75","1,987.65","1,991.50","1,997.55","1,999.13","2,229.00","1,656.00","247,332","494,448,053.10","17,875"
2367,10-Dec-2013,EQ,"1,980.00","2,009.00","1,975.00","1,978.75","1,992.05","1,987.65","1,993.69","2,229.00","1,656.00","243,976","486,412,263.50","18,674"
2368,09-Dec-2013,EQ,"1,987.00","1,987.80","1,956.35","1,950.00","1,976.00","1,978.75","1,973.03","2,229.00","1,656.00","171,546","338,466,087.75","11,144"
2369,06-Dec-2013,EQ,"1,940.00","1,970.00","1,940.00","1,940.25","1,954.50","1,950.00","1,953.35","2,229.00","1,656.00","227,760","444,894,110.55","20,775"
2370,05-Dec-2013,EQ,"1,970.00","1,973.00","1,935.00","1,931.75","1,936.05","1,940.25","1,950.50","2,229.00","1,656.00","304,627","594,173,809.60","26,842"
2371,04-Dec-2013,EQ,"1,942.55","1,956.80","1,924.00","1,952.85","1,932.70","1,931.75","1,940.74","2,229.00","1,656.00","345,248","670,035,678.95","36,375"
2372,03-Dec-2013,EQ,"1,959.00","1,965.00","1,943.50","1,961.40","1,949.55","1,952.85","1,952.64","2,229.00","1,656.00","252,930","493,882,126.00","16,362"
2373,02-Dec-2013,EQ,"1,966.35","1,997.00","1,953.80","1,974.45","1,958.30","1,961.40","1,977.20","2,229.00","1,656.00","170,993","338,087,006.65","9,171"
2374,29-Nov-2013,EQ,"1,941.00","1,979.00","1,941.00","1,950.50","1,977.00","1,974.45","1,971.86","2,229.00","1,656.00","138,619","273,336,598.60","8,341"
2375,28-Nov-2013,EQ,"1,949.95","1,979.00","1,946.20","1,949.10","1,951.10","1,950.50","1,959.31","2,229.00","1,656.00","276,225","541,211,091.10","19,356"
2376,27-Nov-2013,EQ,"1,941.10","1,964.00","1,924.50","1,938.60","1,950.20","1,949.10","1,948.66","2,229.00","1,656.00","272,809","531,612,294.15","18,020"
2377,26-Nov-2013,EQ,"1,930.30","1,949.00","1,918.80","1,939.35","1,936.00","1,938.60","1,936.34","2,229.00","1,656.00","246,097","476,526,386.05","12,961"
2378,25-Nov-2013,EQ,"1,906.00","1,947.00","1,901.50","1,889.35","1,942.05","1,939.35","1,922.93","2,229.00","1,656.00","256,110","492,480,924.05","14,073"
2379,22-Nov-2013,EQ,"1,940.10","1,950.00","1,884.00","1,932.85","1,890.00","1,889.35","1,910.00","2,229.00","1,656.00","240,050","458,496,093.65","15,248"
2380,21-Nov-2013,EQ,"1,965.00","1,984.80","1,920.00","1,974.45","1,946.00","1,932.85","1,950.49","2,229.00","1,656.00","237,839","463,902,490.15","23,799"
2381,20-Nov-2013,EQ,"2,023.90","2,024.05","1,967.00","2,013.80","1,970.00","1,974.45","1,992.90","2,229.00","1,656.00","265,878","529,867,675.20","22,789"
2382,19-Nov-2013,EQ,"2,030.00","2,041.90","2,003.10","2,030.05","2,019.00","2,013.80","2,015.99","2,229.00","1,656.00","246,966","497,881,889.40","26,413"
2383,18-Nov-2013,EQ,"2,060.00","2,060.00","2,020.00","2,034.80","2,027.00","2,030.05","2,032.17","2,229.00","1,656.00","233,351","474,208,861.90","21,729"
2384,14-Nov-2013,EQ,"2,034.70","2,060.00","2,008.45","2,021.30","2,045.00","2,034.80","2,035.05","2,229.00","1,656.00","136,260","277,295,765.55","11,238"
2385,13-Nov-2013,EQ,"2,015.00","2,062.00","2,002.20","2,026.15","2,016.75","2,021.30","2,032.37","2,229.00","1,656.00","226,050","459,416,763.65","16,455"
2386,12-Nov-2013,EQ,"2,030.00","2,054.60","2,015.00","2,037.85","2,016.70","2,026.15","2,037.92","2,229.00","1,656.00","165,926","338,144,424.00","21,090"
2387,11-Nov-2013,EQ,"2,053.00","2,055.60","2,028.20","2,065.90","2,033.00","2,037.85","2,042.04","2,229.00","1,656.00","169,102","345,313,676.65","20,377"
2388,08-Nov-2013,EQ,"2,095.00","2,109.00","2,056.00","2,101.15","2,062.00","2,065.90","2,083.51","2,229.00","1,656.00","146,711","305,673,376.40","16,612"
2389,07-Nov-2013,EQ,"2,090.00","2,109.35","2,056.00","2,076.50","2,101.00","2,101.15","2,090.32","2,229.00","1,656.00","353,237","738,380,093.60","14,757"
2390,06-Nov-2013,EQ,"2,100.05","2,100.05","2,040.00","2,092.00","2,079.00","2,076.50","2,068.59","2,229.00","1,656.00","384,191","794,733,594.70","19,016"
2391,05-Nov-2013,EQ,"2,129.00","2,130.00","2,077.55","2,127.70","2,096.20","2,092.00","2,091.12","2,229.00","1,656.00","336,581","703,830,179.70","16,364"
2392,03-Nov-2013,EQ,"2,150.00","2,150.00","2,124.00","2,124.90","2,126.20","2,127.70","2,129.42","2,229.00","1,656.00","19,187","40,857,189.55","1,401"
2393,01-Nov-2013,EQ,"2,121.20","2,143.90","2,113.30","2,129.90","2,125.00","2,124.90","2,128.91","2,229.00","1,656.00","314,887","670,366,842.35","25,711"
2394,31-Oct-2013,EQ,"2,130.00","2,157.00","2,111.35","2,136.70","2,130.10","2,129.90","2,133.74","2,229.00","1,656.00","313,985","669,963,012.20","17,528"
2395,30-Oct-2013,EQ,"2,105.05","2,147.00","2,105.05","2,094.05","2,140.00","2,136.70","2,129.56","2,229.00","1,656.00","270,065","575,118,473.75","22,942"
2396,29-Oct-2013,EQ,"2,073.00","2,112.00","2,055.10","2,070.60","2,100.00","2,094.05","2,091.14","2,229.00","1,656.00","432,986","905,435,085.95","22,034"
2397,28-Oct-2013,EQ,"2,085.25","2,109.40","2,052.45","2,080.60","2,073.60","2,070.60","2,095.23","2,229.00","1,656.00","319,532","669,493,196.05","9,607"
2398,25-Oct-2013,EQ,"2,080.10","2,108.65","2,041.95","2,082.30","2,074.25","2,080.60","2,074.40","2,229.00","1,656.00","387,226","803,260,755.55","22,079"
2399,24-Oct-2013,EQ,"2,085.00","2,121.00","2,058.00","2,094.90","2,084.75","2,082.30","2,095.64","2,229.00","1,656.00","224,947","471,406,923.15","20,338"
2400,23-Oct-2013,EQ,"2,149.70","2,149.70","2,063.25","2,139.70","2,093.90","2,094.90","2,100.53","2,229.00","1,656.00","157,062","329,912,798.30","12,036"
2401,22-Oct-2013,EQ,"2,160.00","2,160.00","2,131.30","2,150.70","2,140.00","2,139.70","2,145.65","2,229.00","1,656.00","297,322","637,949,111.85","13,266"
2402,21-Oct-2013,EQ,"2,165.00","2,168.90","2,141.00","2,153.05","2,148.50","2,150.70","2,152.95","2,229.00","1,656.00","249,234","536,587,900.35","14,837"
2403,18-Oct-2013,EQ,"2,158.30","2,168.55","2,142.40","2,153.30","2,152.95","2,153.05","2,156.75","2,229.00","1,656.00","435,157","938,526,617.25","25,927"
2404,17-Oct-2013,EQ,"2,168.00","2,195.00","2,136.20","2,125.65","2,139.00","2,153.30","2,172.89","2,229.00","1,656.00","2,386,073","5,184,684,951.10","39,616"
2405,15-Oct-2013,EQ,"2,124.45","2,159.45","2,111.10","2,137.85","2,115.80","2,125.65","2,131.87","2,229.00","1,656.00","387,382","825,849,272.95","20,614"
2406,14-Oct-2013,EQ,"2,139.00","2,141.00","2,114.70","2,141.10","2,140.00","2,137.85","2,129.41","2,229.00","1,656.00","173,698","369,873,964.45","10,952"
2407,11-Oct-2013,EQ,"2,141.50","2,165.90","2,117.40","2,141.40","2,139.50","2,141.10","2,140.08","2,229.00","1,656.00","1,128,733","2,415,573,909.40","13,553"
2408,10-Oct-2013,EQ,"2,160.25","2,175.90","2,117.05","2,153.90","2,122.00","2,141.40","2,153.28","2,229.00","1,656.00","1,403,631","3,022,413,823.90","16,831"
2409,09-Oct-2013,EQ,"2,109.00","2,179.00","2,101.00","2,116.05","2,174.00","2,153.90","2,118.22","2,229.00","1,656.00","583,959","1,236,952,520.40","16,518"
2410,08-Oct-2013,EQ,"2,155.25","2,160.00","2,096.40","2,128.30","2,110.00","2,116.05","2,123.66","2,229.00","1,656.00","275,097","584,211,204.05","22,349"
2411,07-Oct-2013,EQ,"2,119.00","2,137.00","2,093.40","2,117.90","2,121.95","2,128.30","2,108.36","2,229.00","1,656.00","337,002","710,521,440.65","20,007"
2412,04-Oct-2013,EQ,"2,125.00","2,152.00","2,105.00","2,119.40","2,116.40","2,117.90","2,132.35","2,229.00","1,597.50","339,869","724,721,339.35","20,270"
2413,03-Oct-2013,EQ,"2,050.00","2,125.00","2,025.00","2,020.00","2,120.00","2,119.40","2,083.73","2,229.00","1,597.50","572,208","1,192,327,363.40","27,886"
2414,01-Oct-2013,EQ,"2,000.00","2,037.00","1,981.80","1,987.45","2,034.00","2,020.00","2,001.73","2,229.00","1,597.50","312,138","624,815,332.75","21,786"
2415,30-Sep-2013,EQ,"1,978.00","2,014.00","1,978.00","1,993.15","1,987.80","1,987.45","1,996.90","2,229.00","1,597.50","367,076","733,015,441.85","19,500"
2416,27-Sep-2013,EQ,"2,010.00","2,024.95","1,985.00","1,995.80","1,992.10","1,993.15","2,002.27","2,229.00","1,597.50","434,334","869,652,691.65","21,886"
2417,26-Sep-2013,EQ,"2,006.20","2,026.90","1,979.95","2,005.35","1,992.55","1,995.80","2,005.14","2,229.00","1,597.50","302,620","606,795,872.50","18,376"
2418,25-Sep-2013,EQ,"2,045.00","2,048.80","1,985.00","2,031.60","1,997.00","2,005.35","2,006.38","2,229.00","1,597.50","373,385","749,152,634.90","23,738"
2419,24-Sep-2013,EQ,"1,975.00","2,040.00","1,972.00","1,979.10","2,034.60","2,031.60","2,002.86","2,229.00","1,597.50","610,324","1,222,396,523.20","27,117"
2420,23-Sep-2013,EQ,"1,980.60","2,013.70","1,963.40","1,992.45","1,980.30","1,979.10","1,989.78","2,229.00","1,597.50","249,275","496,003,558.00","19,926"
2421,20-Sep-2013,EQ,"2,055.00","2,062.45","1,980.25","2,053.15","1,998.00","1,992.45","2,005.92","2,229.00","1,597.50","735,104","1,474,562,849.45","53,454"
2422,19-Sep-2013,EQ,"2,050.00","2,062.00","2,022.50","2,017.25","2,062.00","2,053.15","2,040.75","2,229.00","1,597.50","324,702","662,634,905.35","23,362"
2423,18-Sep-2013,EQ,"2,005.35","2,043.25","2,003.00","2,013.40","2,009.00","2,017.25","2,024.62","2,229.00","1,597.50","233,615","472,981,756.65","22,135"
2424,17-Sep-2013,EQ,"1,981.55","2,024.90","1,981.55","2,000.25","2,020.00","2,013.40","2,003.89","2,229.00","1,597.50","246,637","494,233,021.35","19,640"
2425,16-Sep-2013,EQ,"2,011.00","2,045.90","1,982.85","2,003.40","1,995.00","2,000.25","2,003.72","2,229.00","1,597.50","392,924","787,310,828.75","21,903"
2426,13-Sep-2013,EQ,"1,961.50","2,013.90","1,961.50","1,978.70","2,005.00","2,003.40","1,992.18","2,229.00","1,597.50","509,168","1,014,352,126.70","18,563"
2427,12-Sep-2013,EQ,"1,982.00","2,010.10","1,970.60","1,996.50","1,976.30","1,978.70","1,983.55","2,229.00","1,597.50","373,073","740,008,060.30","25,504"
2428,11-Sep-2013,EQ,"1,957.00","2,011.00","1,956.60","1,980.70","1,985.00","1,996.50","1,988.30","2,229.00","1,597.50","349,393","694,696,534.95","28,297"
2429,10-Sep-2013,EQ,"1,929.20","1,988.25","1,918.00","1,910.85","1,983.00","1,980.70","1,971.59","2,229.00","1,597.50","396,920","782,563,118.15","33,576"
2430,06-Sep-2013,EQ,"1,908.00","1,925.00","1,874.20","1,901.00","1,910.00","1,910.85","1,901.36","2,229.00","1,597.50","244,046","464,019,196.90","24,790"
2431,05-Sep-2013,EQ,"1,904.80","1,937.00","1,889.00","1,888.75","1,895.35","1,901.00","1,913.15","2,229.00","1,597.50","179,794","343,973,160.65","15,238"
2432,04-Sep-2013,EQ,"1,865.00","1,898.80","1,841.00","1,837.85","1,891.00","1,888.75","1,857.36","2,229.00","1,597.50","503,110","934,455,206.15","19,270"
2433,03-Sep-2013,EQ,"1,864.00","1,885.15","1,818.00","1,856.10","1,821.00","1,837.85","1,849.22","2,229.00","1,597.50","489,186","904,613,500.50","31,630"
2434,02-Sep-2013,EQ,"1,837.00","1,870.00","1,835.05","1,837.00","1,850.00","1,856.10","1,855.96","2,229.00","1,597.50","272,132","505,066,075.45","17,902"
2435,30-Aug-2013,EQ,"1,740.45","1,850.00","1,708.25","1,740.45","1,832.00","1,837.00","1,788.32","2,229.00","1,597.50","900,898","1,611,098,065.80","60,933"
2436,29-Aug-2013,EQ,"1,749.80","1,756.30","1,708.00","1,727.75","1,728.00","1,740.45","1,734.88","2,229.00","1,597.50","466,893","810,004,074.25","42,345"
2437,28-Aug-2013,EQ,"1,710.00","1,744.35","1,680.05","1,727.75","1,724.00","1,727.75","1,711.97","2,229.00","1,597.50","457,301","782,885,684.00","34,068"
2438,27-Aug-2013,EQ,"1,762.00","1,782.75","1,701.25","1,780.65","1,735.25","1,727.75","1,751.51","2,229.00","1,597.50","431,297","755,419,568.45","27,440"
2439,26-Aug-2013,EQ,"1,788.00","1,817.85","1,752.50","1,779.60","1,780.00","1,780.65","1,786.84","2,229.00","1,597.50","196,958","351,931,525.65","17,787"
2440,23-Aug-2013,EQ,"1,776.00","1,796.95","1,753.25","1,776.70","1,777.00","1,779.60","1,776.36","2,229.00","1,597.50","253,568","450,428,189.95","17,617"
2441,22-Aug-2013,EQ,"1,725.00","1,794.00","1,702.00","1,734.50","1,769.00","1,776.70","1,746.23","2,229.00","1,597.50","409,880","715,743,156.40","24,160"
2442,21-Aug-2013,EQ,"1,770.00","1,805.00","1,712.30","1,756.75","1,727.00","1,734.50","1,780.09","2,229.00","1,597.50","470,325","837,220,987.30","26,321"
2443,20-Aug-2013,EQ,"1,760.00","1,784.65","1,721.05","1,763.05","1,748.80","1,756.75","1,751.97","2,229.00","1,597.50","641,187","1,123,341,914.50","32,648"
2444,19-Aug-2013,EQ,"1,830.05","1,834.00","1,730.25","1,848.35","1,770.00","1,763.05","1,764.25","2,229.00","1,597.50","419,333","739,808,048.70","32,981"
2445,16-Aug-2013,EQ,"1,895.25","1,924.95","1,827.65","1,908.60","1,834.15","1,848.35","1,885.40","2,229.00","1,597.50","391,479","738,093,143.75","27,044"
2446,14-Aug-2013,EQ,"1,869.70","1,913.00","1,869.70","1,858.80","1,903.85","1,908.60","1,903.02","2,229.00","1,597.50","472,360","898,912,020.25","33,689"
2447,13-Aug-2013,EQ,"1,806.00","1,869.80","1,796.40","1,807.60","1,860.90","1,858.80","1,849.27","2,229.00","1,597.50","516,681","955,483,503.00","16,640"
2448,12-Aug-2013,EQ,"1,786.00","1,817.80","1,776.85","1,782.30","1,795.40","1,807.60","1,801.84","2,229.00","1,597.50","414,841","747,477,935.80","17,940"
2449,08-Aug-2013,EQ,"1,755.00","1,795.00","1,751.00","1,771.55","1,775.00","1,782.30","1,782.78","2,229.00","1,597.50","360,718","643,080,700.15","20,235"
2450,07-Aug-2013,EQ,"1,814.70","1,825.00","1,748.25","1,808.75","1,768.20","1,771.55","1,782.49","2,229.00","1,597.50","557,125","993,070,563.20","41,154"
2451,06-Aug-2013,EQ,"1,869.00","1,869.00","1,790.05","1,875.95","1,805.20","1,808.75","1,816.64","2,229.00","1,597.50","391,496","711,207,902.70","35,898"
2452,05-Aug-2013,EQ,"1,920.00","1,920.05","1,869.00","1,909.25","1,869.00","1,875.95","1,883.34","2,229.00","1,597.50","214,153","403,323,142.30","25,471"
2453,02-Aug-2013,EQ,"1,935.00","1,949.00","1,890.20","1,933.80","1,908.85","1,909.25","1,912.63","2,229.00","1,579.00","289,389","553,495,156.55","25,503"
2454,01-Aug-2013,EQ,"1,952.70","1,966.20","1,908.05","1,934.75","1,943.05","1,933.80","1,932.96","2,229.00","1,579.00","319,950","618,450,050.15","32,320"
2455,31-Jul-2013,EQ,"1,924.00","1,954.65","1,916.20","1,925.80","1,932.70","1,934.75","1,940.37","2,229.00","1,579.00","1,000,215","1,940,790,044.15","39,504"
2456,30-Jul-2013,EQ,"2,001.10","2,015.00","1,919.00","1,996.20","1,931.50","1,925.80","1,942.85","2,229.00","1,579.00","286,047","555,745,556.25","19,242"
2457,29-Jul-2013,EQ,"2,025.00","2,050.00","1,987.20","2,032.15","2,001.35","1,996.20","2,010.86","2,229.00","1,579.00","142,531","286,609,383.55","11,127"
2458,26-Jul-2013,EQ,"2,006.95","2,050.00","2,006.95","2,001.85","2,034.00","2,032.15","2,022.60","2,229.00","1,534.00","361,112","730,383,511.35","20,390"
2459,25-Jul-2013,EQ,"1,995.60","2,029.00","1,984.55","2,001.80","2,003.00","2,001.85","2,004.49","2,229.00","1,534.00","505,006","1,012,281,557.00","23,562"
2460,24-Jul-2013,EQ,"1,962.00","2,010.00","1,954.50","1,975.50","2,003.05","2,001.80","1,988.23","2,229.00","1,534.00","277,794","552,317,518.00","21,218"
2461,23-Jul-2013,EQ,"2,000.00","2,009.25","1,968.00","1,985.35","1,978.00","1,975.50","1,983.39","2,229.00","1,534.00","415,840","824,773,145.75","19,357"
2462,22-Jul-2013,EQ,"1,950.00","2,009.00","1,947.00","1,966.00","1,992.00","1,985.35","1,990.43","2,229.00","1,534.00","418,429","832,855,220.90","28,966"
2463,19-Jul-2013,EQ,"1,886.50","1,987.75","1,862.50","1,896.70","1,972.00","1,966.00","1,932.98","2,229.00","1,425.10","1,609,280","3,110,700,371.95","67,085"
2464,18-Jul-2013,EQ,"1,910.00","1,919.80","1,884.80","1,909.55","1,899.60","1,896.70","1,903.27","2,229.00","1,425.10","183,219","348,714,384.80","15,472"
2465,17-Jul-2013,EQ,"1,920.00","1,920.00","1,880.10","1,907.55","1,910.00","1,909.55","1,905.95","2,229.00","1,425.10","257,814","491,381,536.20","19,260"
2466,16-Jul-2013,EQ,"1,884.80","1,918.00","1,871.55","1,901.70","1,905.00","1,907.55","1,891.27","2,229.00","1,425.10","332,357","628,575,760.10","28,368"
2467,15-Jul-2013,EQ,"1,864.70","1,906.85","1,850.50","1,869.65","1,906.00","1,901.70","1,887.62","2,229.00","1,425.10","153,038","288,878,232.10","10,112"
2468,12-Jul-2013,EQ,"1,879.70","1,881.00","1,845.60","1,876.55","1,874.00","1,869.65","1,866.11","2,229.00","1,425.10","208,815","389,671,177.65","18,865"
2469,11-Jul-2013,EQ,"1,864.00","1,888.60","1,864.00","1,862.40","1,876.10","1,876.55","1,879.60","2,229.00","1,425.10","185,148","348,004,760.00","15,547"
2470,10-Jul-2013,EQ,"1,899.00","1,917.10","1,842.00","1,898.20","1,855.70","1,862.40","1,873.16","2,229.00","1,425.10","399,958","749,184,328.00","18,654"
2471,09-Jul-2013,EQ,"1,875.00","1,915.00","1,871.15","1,863.05","1,899.00","1,898.20","1,901.54","2,229.00","1,425.10","188,148","357,770,455.30","12,612"
2472,08-Jul-2013,EQ,"1,861.15","1,875.00","1,838.25","1,879.50","1,860.00","1,863.05","1,851.20","2,229.00","1,425.10","329,807","610,538,626.55","18,475"
2473,05-Jul-2013,EQ,"1,893.40","1,893.40","1,870.00","1,876.60","1,874.15","1,879.50","1,880.37","2,229.00","1,425.10","286,679","539,061,631.85","12,674"
2474,04-Jul-2013,EQ,"1,867.80","1,894.15","1,861.00","1,890.05","1,878.00","1,876.60","1,874.35","2,229.00","1,425.10","406,242","761,440,692.25","27,253"
2475,03-Jul-2013,EQ,"1,891.00","1,907.70","1,866.00","1,913.30","1,907.65","1,890.05","1,886.27","2,229.00","1,425.10","434,707","819,975,258.10","43,320"
2476,02-Jul-2013,EQ,"1,910.00","1,969.90","1,900.00","1,922.90","1,905.95","1,913.30","1,923.54","2,229.00","1,425.10","592,561","1,139,813,899.85","30,361"
2477,01-Jul-2013,EQ,"1,928.00","1,935.00","1,886.00","1,923.95","1,920.40","1,922.90","1,910.33","2,229.00","1,425.10","496,573","948,616,995.30","36,052"
2478,28-Jun-2013,EQ,"1,842.50","1,940.00","1,842.50","1,838.20","1,925.90","1,923.95","1,906.89","2,229.00","1,425.10","794,222","1,514,495,161.40","46,783"
2479,27-Jun-2013,EQ,"1,787.10","1,871.00","1,787.00","1,787.10","1,840.00","1,838.20","1,843.42","2,229.00","1,425.10","1,030,259","1,899,196,940.15","53,544"
2480,26-Jun-2013,EQ,"1,782.80","1,793.80","1,760.00","1,799.55","1,791.00","1,787.10","1,780.34","2,229.00","1,425.10","500,188","890,504,052.50","22,104"
2481,25-Jun-2013,EQ,"1,794.00","1,810.00","1,756.20","1,794.55","1,809.00","1,799.55","1,788.95","2,229.00","1,425.10","657,806","1,176,784,116.25","31,506"
2482,24-Jun-2013,EQ,"1,830.00","1,830.00","1,776.05","1,830.05","1,798.00","1,794.55","1,799.47","2,229.00","1,425.10","446,107","802,754,710.25","19,275"
2483,21-Jun-2013,EQ,"1,805.15","1,837.65","1,788.45","1,820.35","1,821.35","1,830.05","1,823.89","2,229.00","1,425.10","307,812","561,414,432.70","18,746"
